1

512
512
1530
5836
0.583649
2.560000
0.025600
0 3 6 9 12 15 18 21 24 27 30 33 36 39 42 45 48 51 54 57 60 63 66 69 72 75 78 81 84 87 90 93 96 99 102 105 108 111 114 117 120 123 126 129 132 135 138 141 144 147 150 153 156 159 162 165 168 171 174 177 180 183 186 189 192 195 198 201 204 207 210 213 216 219 222 225 228 230 233 236 239 242 245 248 251 254 257 260 263 266 269 272 275 278 281 284 287 290 293 296 299 302 305 308 311 314 317 320 323 326 329 332 335 338 340 343 346 349 352 355 358 361 364 367 370 373 376 379 382 385 388 391 394 397 400 403 406 409 412 415 418 421 424 426 429 432 435 438 441 444 447 450 452 455 458 461 464 467 470 473 476 479 482 485 488 491 494 497 500 503 506 509 512 515 518 521 524 527 530 533 536 539 542 545 548 551 554 557 559 562 565 568 571 574 577 580 583 586 589 592 595 598 601 604 607 610 613 616 619 622 625 628 631 634 637 640 643 646 649 652 655 658 661 664 667 670 673 676 679 682 685 688 691 694 697 700 703 706 709 712 715 718 721 724 727 730 733 736 739 742 745 748 751 754 757 760 763 766 769 772 775 778 781 784 787 790 793 796 799 802 805 808 811 814 817 820 823 826 829 832 835 838 841 844 847 850 853 856 859 862 865 868 871 874 877 880 883 886 889 892 895 898 901 904 907 910 913 916 919 922 925 928 931 934 937 940 943 946 949 952 955 958 961 964 967 970 973 976 979 982 985 988 991 994 997 1000 1003 1006 1009 1012 1015 1018 1021 1024 1027 1030 1033 1036 1039 1042 1045 1048 1051 1054 1057 1060 1063 1066 1069 1072 1075 1078 1081 1084 1087 1090 1093 1096 1099 1102 1105 1108 1111 1114 1117 1120 1123 1126 1129 1132 1135 1138 1141 1144 1147 1150 1153 1156 1159 1162 1165 1168 1171 1174 1177 1180 1183 1186 1189 1192 1195 1198 1201 1204 1207 1210 1213 1216 1219 1222 1225 1228 1231 1234 1237 1240 1243 1246 1249 1252 1255 1258 1261 1264 1267 1270 1273 1276 1279 1282 1285 1288 1291 1294 1297 1300 1303 1306 1309 1312 1315 1318 1321 1324 1327 1330 1333 1336 1339 1342 1345 1348 1351 1354 1357 1360 1363 1366 1369 1372 1375 1378 1381 1384 1387 1390 1393 1396 1399 1402 1405 1408 1411 1414 1417 1420 1423 1426 1429 1432 1435 1438 1441 1443 1446 1449 1452 1455 1458 1461 1464 1467 1470 1473 1476 1479 1482 1485 1488 1491 1494 1497 1500 1503 1506 1509 1512 1515 1518 1521 1524 1527 1530 
137 338 415 70 166 288 239 365 510 199 204 497 356 460 496 100 206 397 58 181 268 117 263 397 270 306 487 190 230 399 240 302 367 66 78 437 76 232 290 276 280 471 125 159 260 107 331 360 116 389 504 1 174 506 307 437 482 195 200 498 55 82 226 292 384 492 12 271 463 27 35 483 130 295 308 143 237 433 230 252 259 129 260 404 56 123 329 12 42 93 94 268 293 48 348 478 60 329 429 31 88 457 123 162 253 174 399 418 49 117 426 9 43 308 56 166 338 112 260 350 41 154 444 390 411 422 207 328 470 18 273 295 14 50 418 188 212 324 99 102 373 145 169 217 225 226 312 53 60 338 101 403 492 336 403 491 186 235 361 51 380 481 325 387 430 130 199 339 16 60 229 118 229 446 161 264 455 64 214 281 105 124 261 152 225 441 2 164 205 216 382 391 29 300 361 236 368 430 147 384 436 82 496 503 214 243 255 157 319 457 50 438 443 156 187 492 144 340 361 241 342 360 90 212 389 0 246 326 250 430 65 118 235 109 147 449 94 364 390 20 171 335 102 207 386 35 259 366 108 377 510 77 349 359 77 236 439 254 482 507 61 89 504 198 208 227 51 87 164 222 258 422 278 296 325 72 150 486 9 149 180 18 387 508 232 457 464 30 199 203 25 192 292 86 419 490 29 72 295 252 330 382 65 97 292 71 77 137 80 227 317 335 376 467 281 372 420 93 450 480 160 296 475 50 68 76 54 140 345 84 215 470 55 336 507 72 126 401 26 300 164 207 343 25 162 167 70 118 448 8 414 416 65 484 490 22 32 133 116 273 367 70 231 452 65 287 341 138 367 413 108 199 438 90 271 366 115 302 341 206 233 350 135 271 322 113 344 404 146 165 199 262 269 397 172 203 334 32 73 472 182 398 400 87 453 489 92 282 453 120 243 326 442 449 461 63 209 274 101 209 473 230 267 471 152 162 53 195 324 13 83 397 67 170 412 8 111 389 291 354 481 291 295 411 245 342 500 90 104 308 5 66 296 357 476 127 349 509 321 322 363 206 263 405 63 140 274 109 174 282 16 61 405 138 307 473 296 303 446 386 407 451 231 415 473 30 228 258 37 95 352 243 245 458 5 209 308 288 349 482 349 459 498 294 310 352 78 101 490 424 464 509 183 363 470 216 266 411 297 312 448 137 179 258 185 383 468 179 305 473 150 252 310 92 109 136 70 210 430 207 494 508 166 345 460 100 131 382 30 182 397 22 441 478 146 397 405 73 331 190 223 292 90 359 443 23 199 278 94 274 410 76 105 223 271 354 422 10 142 385 324 351 407 253 429 497 138 316 323 96 329 396 107 187 260 283 386 466 232 284 377 390 454 507 149 218 364 60 291 374 104 269 445 186 285 357 270 496 509 75 313 393 61 171 500 344 358 455 175 210 233 5 152 170 4 388 395 33 378 449 135 324 382 155 321 428 274 319 426 200 258 501 59 160 189 7 120 132 240 307 464 162 245 478 129 314 354 162 291 318 162 184 486 317 319 403 129 165 231 220 423 448 136 381 482 90 325 388 42 116 457 205 253 361 7 219 490 61 140 326 115 353 510 3 6 318 171 320 447 40 82 383 7 52 260 129 142 333 5 184 278 19 121 389 238 397 483 211 300 461 90 141 209 15 144 205 211 462 464 333 382 504 253 341 464 4 162 382 146 388 440 330 460 509 186 208 480 93 430 486 8 115 304 1 213 259 17 212 424 204 294 479 246 301 457 130 250 328 204 292 396 201 214 220 168 170 422 3 88 355 96 307 329 192 309 445 221 326 404 3 97 293 42 82 249 212 370 499 62 383 504 85 213 264 381 434 508 10 224 511 42 106 307 104 415 487 124 167 430 60 127 211 157 294 376 199 363 506 58 234 499 120 200 319 69 315 384 294 306 315 110 316 336 214 311 422 132 325 478 26 343 449 64 125 183 120 383 440 107 291 441 13 49 307 333 376 434 136 158 228 33 451 494 49 293 455 260 263 269 206 286 395 227 271 470 199 341 352 270 472 491 67 319 504 241 325 374 239 462 470 397 401 503 380 446 451 161 202 203 86 410 421 169 196 313 153 154 368 114 347 495 181 253 340 44 60 153 103 283 302 168 260 505 36 251 444 134 185 198 107 220 389 21 287 303 175 456 457 289 312 440 148 181 470 2 242 488 32 129 285 233 292 454 31 226 490 158 176 216 93 284 292 1 75 380 21 22 324 125 197 461 131 273 486 249 373 445 378 405 447 99 185 221 163 216 325 141 432 483 14 264 318 90 265 394 165 207 287 186 332 485 93 136 459 267 342 392 128 208 328 21 37 308 121 200 206 93 341 422 147 342 357 110 237 356 239 397 403 77 370 446 213 266 318 198 359 480 14 96 189 51 117 397 193 251 323 81 233 315 64 228 408 253 420 466 147 357 363 81 248 434 107 136 347 104 194 425 111 201 383 126 269 318 130 177 462 265 363 429 161 427 510 226 336 414 180 265 483 2 25 53 109 400 460 22 83 84 133 188 466 223 259 389 174 196 437 326 354 439 89 177 352 66 93 503 247 257 429 259 272 400 220 368 453 304 342 390 11 425 493 271 370 379 54 91 196 38 265 380 46 192 390 139 281 456 56 191 273 18 456 464 172 277 398 133 228 477 11 141 458 8 22 316 99 293 371 239 364 489 15 45 285 326 405 424 87 350 480 29 105 425 311 382 493 3 27 154 14 119 168 37 65 176 276 330 381 128 240 308 173 323 480 217 253 500 55 75 166 84 134 181 47 51 66 55 220 358 69 339 385 41 106 404 218 273 437 2 233 494 44 110 482 223 261 284 272 316 389 12 347 401 16 59 467 68 175 418 2 123 291 192 333 406 39 167 299 21 169 224 131 139 457 363 415 501 175 240 251 11 55 252 27 312 456 95 218 411 74 218 509 76 330 411 198 369 482 138 390 422 10 307 367 356 425 447 89 95 298 26 100 151 95 127 279 79 223 507 69 297 441 146 294 340 26 113 116 254 448 482 50 303 361 148 371 497 243 283 284 309 373 394 76 473 490 89 155 485 42 312 452 188 235 241 70 305 348 47 96 318 33 97 167 26 82 336 311 365 484 163 172 216 98 134 239 76 223 395 23 49 335 58 92 264 280 334 406 73 213 431 121 380 464 218 288 407 206 261 301 154 378 477 0 63 317 45 140 223 189 246 440 263 281 511 50 322 333 123 216 252 204 244 429 298 463 493 193 242 252 207 399 406 212 265 257 266 270 185 410 489 88 224 448 223 258 369 44 419 475 31 297 392 178 275 501 226 371 482 212 258 478 12 373 419 73 178 278 76 255 330 3 164 479 22 190 451 198 235 441 20 161 472 9 41 236 220 462 492 79 192 429 100 290 338 278 350 363 116 181 354 7 184 371 29 123 339 17 321 470 252 431 482 12 155 272 105 232 282 22 262 311 
-0.791223 -0.627421 0.156985 0.983217 0.107396 0.770992 -0.997514 -0.284077 -0.679234 -0.182727 -0.513290 -0.766257 -0.167630 0.779866 0.464222 -0.269760 0.270155 0.368708 -0.137185 -0.789356 -0.946766 -0.838674 -0.869035 -0.999913 -0.806525 -0.393813 0.915957 0.807982 -0.510289 0.290611 0.061679 -0.301511 0.663190 -0.781336 -0.318294 -0.229415 0.989655 -0.315808 0.486509 -0.689579 0.501465 0.973218 -0.455836 -0.666164 0.753084 -0.991615 0.064075 0.023239 0.377094 0.926890 0.233883 0.430328 -0.911784 0.364849 0.430415 -0.718308 0.971035 0.346372 -0.910326 -0.539253 -0.363017 0.151352 0.159236 -0.699827 0.370016 0.840942 0.070758 0.359671 -0.474866 -0.442733 0.670092 -0.973401 -0.469515 -0.785745 -0.639565 -0.716430 -0.777359 0.424510 0.306809 0.599734 0.351400 -0.459308 0.030062 0.439617 0.905541 -0.539523 0.721309 0.876576 0.806849 0.810982 -0.662677 -0.556168 -0.037666 0.496559 -0.255995 -0.667650 0.337500 0.814763 0.692021 0.862634 -0.627970 0.362113 0.889234 -0.097484 0.576368 -0.750331 0.186086 0.799008 0.674179 -0.507105 0.398743 0.025579 0.033587 -0.571195 -0.534804 -0.060872 -0.110719 -0.813495 -0.184296 -0.303870 0.997487 0.153027 0.139962 -0.040179 -0.350414 0.883967 0.292172 0.987086 0.698731 -0.015808 0.849721 -0.929239 -0.653695 0.738954 -0.026723 0.922673 0.988623 -0.840637 0.721681 0.662802 -0.347743 0.120424 -0.311619 0.685845 0.549229 0.153577 -0.375028 -0.561490 0.340082 0.440677 0.134640 0.337569 -0.406296 -0.725397 -0.702609 0.243290 -0.841430 0.589562 0.230376 0.857300 -0.426245 0.080096 0.928061 -0.079940 -0.180950 -0.098662 -0.157267 -0.192327 0.060701 -0.435586 -0.529525 0.712958 0.684838 0.158856 0.398803 0.234067 -0.687567 -0.976225 0.672577 0.652515 0.464452 -0.192783 -0.009916 -0.941844 0.081820 0.287475 0.301445 0.240389 -0.122963 -0.468179 0.097690 0.450792 0.611917 0.025751 -0.629149 -0.569032 0.927089 0.213584 0.238641 -0.012210 0.777998 0.709116 -0.299251 0.462836 -0.132028 -0.900449 -0.303098 0.180405 -0.876673 -0.630521 -0.167079 0.587779 0.176696 0.823005 0.645934 -0.741484 0.110480 -0.052620 0.498906 0.987517 0.479201 -0.403405 0.438308 0.091118 0.622346 0.809160 0.522085 0.549436 0.022743 -0.239274 -0.462774 -0.199259 -0.530158 0.237974 -0.736423 0.337814 0.337526 -0.039521 -0.481780 0.460852 0.329958 0.351140 0.048631 -0.493345 0.174146 -0.305435 -0.234829 -0.715375 0.641945 -0.735924 -0.727858 0.121145 -0.139328 0.710451 -0.787737 -0.516982 0.519610 0.734349 -0.967546 -0.457646 -0.504925 -0.430321 0.343095 -0.035083 0.807654 0.606671 -0.697268 0.145179 -0.432849 -0.179048 -0.393968 0.897109 -0.827908 0.654663 -0.596236 0.346238 -0.650772 0.168935 0.630863 0.991173 0.433011 0.903006 0.112318 -0.706317 0.613456 0.324581 -0.223299 0.133067 0.058930 -0.190846 0.675421 0.554005 0.378834 0.018515 -0.481077 0.186487 -0.374813 -0.178345 -0.668333 0.192337 0.642606 -0.062301 0.089447 0.814699 -0.407639 0.493210 0.160936 -0.058411 -0.337855 -0.208200 -0.067238 -0.904844 -0.305195 -0.954920 -0.611161 -0.691738 0.369661 0.165540 0.441328 -0.571409 0.974694 0.116749 0.982597 0.353528 -0.864736 -0.498481 -0.459985 -0.239549 0.323174 -0.128318 0.952788 -0.034220 0.809381 0.042235 -0.219521 -0.598258 -0.464555 0.941415 0.343331 0.197591 -0.266785 -0.723907 0.292747 0.428020 -0.678827 0.681586 0.736282 0.690835 -0.152874 0.177610 -0.880574 -0.178180 -0.705641 -0.897977 -0.824652 -0.570377 -0.396458 -0.284637 0.190074 0.926715 0.587045 0.142862 -0.107505 0.396425 -0.814903 0.672974 0.798167 -0.279458 0.614389 0.141498 0.918133 -0.652397 0.417591 0.210880 0.775623 0.738764 -0.107534 0.511905 0.429599 0.739592 -0.310485 0.549025 -0.438588 -0.016126 0.651048 -0.263240 0.413497 -0.745410 0.452123 -0.396429 -0.818695 0.039168 0.746433 0.073801 -0.564407 0.931529 -0.253226 -0.766239 -0.347928 -0.638837 0.375259 -0.429796 -0.291233 -0.207150 0.781084 -0.515610 -0.468385 -0.326450 0.996295 0.961214 -0.586859 -0.314190 0.510239 -0.025447 0.669684 0.161287 0.711313 0.083180 0.415877 0.163436 0.686751 0.597182 -0.797396 0.433184 -0.329017 -0.361802 0.364713 0.417757 -0.128041 -0.983215 0.778920 -0.752782 -0.413011 -0.512313 0.040068 -0.631928 -0.027923 0.571683 0.041622 -0.031628 0.532896 0.454763 0.654182 0.043136 -0.570683 0.323866 -0.795577 -0.859370 -0.592954 0.620300 0.304067 -0.906203 0.217482 0.506671 0.526981 0.888465 -0.855131 -0.108306 0.306222 0.016828 -0.091522 0.085142 0.264045 0.495467 0.572829 -0.695887 0.863539 -0.455093 0.875796 -0.094839 0.513279 0.408692 -0.640075 0.167461 -0.548172 -0.210759 -0.508673 -0.343750 -0.070128 -0.101627 -0.723450 -0.766062 -0.007830 0.494032 0.740610 -0.480849 0.382497 0.885479 0.410844 -0.311281 -0.097693 -0.680677 0.773861 -0.833648 0.814789 0.346690 -0.529535 0.678329 0.891597 -0.653740 -0.416510 0.404876 0.754952 -0.056586 -0.427662 -0.793220 0.732656 0.063665 -0.136970 -0.337473 0.962038 0.139580 -0.103534 -0.045791 -0.366387 -0.362924 0.473359 -0.983890 -0.477446 -0.115796 -0.295172 0.424861 0.203527 -0.521311 0.591213 0.018316 0.825380 -0.938322 -0.303355 0.716977 -0.592062 0.280134 0.121853 -0.837109 -0.776451 0.694191 -0.630330 0.956204 -0.242144 0.232701 -0.381268 -0.280106 -0.627719 0.515198 0.674102 0.005894 -0.847727 0.147462 0.022003 -0.325172 -0.968334 0.726832 -0.900311 0.235192 -0.794479 0.690901 -0.746492 -0.969099 0.752579 -0.049847 0.747878 -0.839483 -0.769713 -0.130268 -0.676592 -0.546164 -0.436078 -0.306922 -0.589960 0.321778 0.925779 0.028772 -0.958328 -0.701940 -0.456030 0.715774 0.303954 -0.303757 -0.136764 -0.674043 0.371070 -0.105098 -0.947211 0.470759 -0.869906 -0.741689 0.161660 -0.616397 -0.710788 -0.085761 0.333755 -0.962910 0.074757 0.564043 -0.093178 0.398165 -0.982122 0.470744 -0.908757 -0.572081 -0.207477 -0.982978 0.456691 -0.165806 -0.684918 -0.999340 -0.450031 0.619036 -0.303097 0.413205 0.944994 -0.932026 -0.691893 0.997783 0.538733 -0.561799 -0.743906 -0.299607 -0.178196 -0.454694 0.614633 -0.844441 -0.417604 -0.310611 0.719602 0.489218 -0.912446 0.737480 -0.040037 -0.821203 -0.834601 0.752485 -0.804181 0.622090 -0.413320 -0.489099 0.622750 0.136648 -0.870063 -0.680347 -0.450147 -0.925069 -0.612373 -0.142040 -0.927286 0.926359 0.296161 -0.671192 -0.373248 -0.882035 -0.125886 -0.758615 -0.726476 0.456510 -0.069226 0.993126 -0.054272 0.018328 0.730606 0.905691 0.197125 0.896005 0.658177 0.392944 0.518094 -0.755144 0.903845 0.140844 0.381505 -0.966218 0.460497 0.931358 -0.891287 0.848124 -0.210682 -0.818573 0.774483 -0.914521 -0.489766 -0.598765 -0.796556 0.384348 -0.357380 -0.523032 -0.159142 0.573394 -0.529906 0.786586 -0.408278 -0.799300 0.692277 0.788847 -0.903295 0.350454 0.181790 0.614799 0.595310 0.085635 -0.244357 -0.023185 0.119417 -0.783860 -0.091827 0.228129 -0.935736 0.697491 0.409556 0.838747 0.782970 0.919790 -0.760018 0.986414 0.304138 -0.117398 -0.536618 -0.855005 -0.544005 -0.066524 0.931581 0.047717 0.134176 0.623858 -0.163436 0.230881 -0.025688 -0.981646 -0.154320 -0.430378 0.103989 0.601323 0.546436 -0.776594 0.817464 -0.545391 0.451535 0.881728 -0.847900 -0.138909 0.720474 0.935070 -0.219119 0.960456 0.921484 -0.914981 -0.156942 -0.615134 -0.769986 0.299053 0.318342 -0.838404 -0.653230 -0.547482 0.785454 0.183334 0.683398 -0.240234 0.201688 -0.470922 0.329388 -0.694323 -0.869599 -0.124176 -0.470918 0.947865 0.330433 0.980617 0.829593 0.482533 -0.158292 0.550067 0.417603 0.622589 0.510523 0.339087 0.707608 -0.646419 0.723953 0.937623 0.652634 0.042295 -0.900781 0.999404 0.494813 0.884673 0.182738 0.178211 -0.355561 -0.615574 0.707289 0.973826 -0.309898 0.837691 -0.150349 0.219184 0.785556 -0.819916 0.199801 0.615149 0.662617 -0.958490 0.165215 0.080220 0.664099 -0.324261 -0.580692 0.371708 0.029319 -0.856739 0.309330 -0.318047 0.185556 0.408549 -0.318643 -0.319631 0.293222 0.864095 0.858580 0.937660 -0.751480 0.565869 0.911487 -0.061378 0.403560 -0.238862 -0.842193 0.189116 -0.058778 0.357608 -0.195735 -0.396161 0.399118 0.969480 0.684059 0.063217 -0.354781 -0.896633 -0.565076 0.674538 -0.753372 0.744255 -0.643509 0.432183 0.152804 0.037848 -0.887448 -0.553974 -0.098057 0.971132 -0.616314 0.150463 0.537001 -0.704827 -0.910915 -0.059439 0.056310 -0.753108 -0.870322 0.997532 0.604500 -0.066058 -0.398629 0.003618 -0.096578 -0.714570 -0.933165 0.548641 -0.611203 -0.498240 0.223179 -0.364575 -0.753985 0.579670 -0.932392 0.398818 -0.382482 -0.819840 0.844844 0.519461 -0.848708 -0.771470 -0.330076 0.688293 -0.476297 -0.240991 -0.371145 0.580013 0.005901 -0.241468 0.577545 -0.389598 0.692475 -0.821084 0.614020 -0.404103 -0.535653 0.680855 -0.855462 -0.146856 -0.817385 0.367717 0.488569 -0.571371 -0.052613 0.556177 0.827448 0.564905 0.736337 0.672292 0.084366 0.887630 0.900822 0.754290 0.575923 -0.575475 -0.486701 -0.795222 -0.995462 0.519200 -0.036690 0.582083 -0.870398 -0.344215 0.761000 0.743622 0.251682 -0.774654 0.424477 0.396220 0.078490 0.607091 -0.236063 -0.432941 -0.964280 0.711324 -0.876764 0.863168 0.276229 0.859573 0.535459 -0.639405 0.747203 0.436281 -0.885115 0.323126 0.860806 -0.371816 0.527904 0.865344 -0.852616 -0.508786 0.447427 -0.723014 0.146999 0.208427 -0.979393 -0.601320 0.433773 0.445084 0.794900 -0.487737 0.052175 -0.441163 0.079322 0.087895 -0.729839 0.202558 -0.048937 0.546390 0.062131 -0.513478 0.906985 -0.190666 0.922804 -0.978130 -0.867541 0.783610 -0.349946 0.660363 0.648953 -0.202562 -0.848423 0.096381 0.074423 0.298576 -0.695192 0.095031 0.697256 0.738581 -0.459886 0.492156 -0.749155 0.592289 -0.949007 0.330167 -0.319816 -0.678846 -0.467276 0.631247 0.867544 0.594855 -0.882230 0.774529 -0.595811 -0.959426 0.796399 -0.463352 0.824183 -0.553548 -0.802989 0.473137 0.243890 -0.651412 -0.430482 -0.681687 0.647164 -0.125675 0.413344 0.344420 -0.387093 0.953458 -0.163423 -0.136248 0.545748 -0.112430 -0.806082 -0.774068 0.208724 -0.273357 0.857180 0.076268 -0.678502 0.974949 -0.149203 -0.274313 -0.984477 -0.352804 0.262335 0.839706 0.093648 0.459347 0.312843 -0.662462 0.807935 0.882360 -0.344149 0.455099 -0.243314 -0.930805 -0.200480 0.369593 -0.977347 0.636096 -0.766656 0.568401 -0.476334 -0.572738 0.794333 0.732391 0.153905 0.651513 -0.191341 0.475403 0.626462 0.659456 -0.798910 0.641985 -0.693349 0.463425 0.481691 0.400300 -0.077228 -0.205466 0.737838 -0.269293 -0.323105 -0.606311 -0.814194 0.433580 -0.537116 -0.014674 -0.196827 -0.514462 -0.378578 0.036517 -0.946061 0.145089 0.463780 0.848272 -0.122521 -0.382315 0.499784 0.686138 -0.906912 0.126246 0.345593 -0.705822 -0.231769 0.652245 0.757604 -0.750078 0.052544 -0.319624 0.044457 -0.209618 0.411083 0.721351 0.184071 0.596889 0.154931 0.646956 -0.417785 0.958105 -0.867507 0.203637 -0.005378 -0.813568 -0.651274 -0.541598 -0.965296 0.226205 0.076087 0.534488 -0.087657 0.169175 -0.339266 -0.742064 0.463353 0.428965 0.910181 0.220957 0.678888 -0.037274 0.901333 -0.276656 0.753108 0.312415 -0.555305 -0.062821 -0.090696 0.599627 -0.415865 0.491519 0.557731 -0.283371 -0.304844 -0.447647 -0.096939 0.043882 0.010755 -0.062235 -0.729912 -0.913159 -0.527747 0.182430 0.256016 0.132987 0.440367 -0.280631 -0.438048 0.350548 0.940326 -0.759160 -0.686726 0.841659 -0.035816 -0.933618 0.154074 0.408880 0.003561 -0.936621 0.008507 0.587696 0.554898 -0.433762 -0.695675 -0.749946 0.118591 0.207385 0.293937 -0.870654 -0.854850 0.564024 -0.783812 -0.382598 -0.253545 0.472204 0.750389 -0.813178 -0.808427 -0.687659 0.537370 -0.868101 -0.446819 0.850643 0.973558 0.517366 0.917025 0.127633 -0.073754 -0.079414 0.191011 0.934752 -0.491718 -0.254091 -0.499010 -0.187394 -0.004037 0.619582 -0.980008 -0.710100 0.748928 -0.834858 0.853924 0.965116 -0.217456 -0.399621 0.437320 -0.467067 -0.212799 0.628893 -0.154725 -0.675430 0.760793 0.398456 -0.824786 0.734351 -0.084178 -0.907762 -0.138016 0.842067 0.012824 -0.947005 0.776820 0.521106 -0.201096 -0.722190 -0.666288 0.794867 0.897392 -0.646296 -0.915233 0.646320 -0.481154 0.938691 0.611436 0.301390 -0.460930 0.048756 0.834323 0.326271 -0.322351 -0.320402 0.650841 -0.561558 -0.921946 0.826055 -0.827207 -0.006124 0.918293 0.034776 -0.164057 -0.068883 0.087771 -0.387237 -0.547777 0.886674 -0.109427 -0.214065 0.681541 -0.212035 0.139639 0.766308 -0.565715 0.658485 0.705000 -0.954279 -0.040125 -0.755930 0.094477 -0.205802 0.570341 0.772126 0.473796 0.221183 -0.789432 0.551850 0.047238 -0.616639 -0.454274 -0.034469 0.418137 0.381669 0.896648 -0.494093 0.994432 -0.651129 -0.607418 -0.114995 0.134807 -0.925877 0.672971 -0.725554 0.840432 -0.892744 0.932931 0.545431 -0.847023 -0.107195 0.789502 0.247455 0.687003 0.359843 0.019581 0.160798 -0.418974 0.230149 -0.287352 0.628264 0.613510 0.258374 -0.406205 0.031646 -0.359957 -0.509557 0.537554 -0.365525 -0.160685 0.930136 0.519481 0.974122 -0.995741 0.192452 -0.751432 0.844691 0.299708 -0.818502 0.390122 0.452685 0.074303 0.179624 -0.299860 -0.238694 -0.460533 0.719721 0.922105 0.120493 -0.050130 -0.365247 -0.251243 -0.436621 0.893127 0.342552 0.595025 -0.466830 0.832995 0.132579 0.167646 -0.327690 0.062715 -0.312873 -0.353569 0.066974 0.879578 -0.105001 -0.088336 0.179286 0.076497 -0.698214 -0.368029 -0.849200 0.481410 0.332110 -0.087893 -0.979123 0.051831 -0.165789 0.141370 -0.998300 0.468964 0.890126 -0.434920 0.362091 0.232678 -0.839895 0.895261 0.065673 0.292684 0.062907 0.737982 -0.644601 0.750033 -0.615586 0.422372 0.629612 0.279413 -0.665963 -0.191103 -0.644090 -0.364177 0.440868 -0.493290 -0.882767 -0.227022 0.418817 -0.861890 0.824809 -0.746972 0.279479 0.826510 0.721993 0.169605 -0.608411 0.084084 -0.597717 -0.448306 -0.020655 0.467956 0.844378 -0.957748 0.205938 -0.800223 0.792285 0.590352 0.622150 0.421897 -0.130236 0.956186 -0.769206 0.225674 -0.407991 0.671662 0.732385 -0.290758 -0.555359 0.151201 -0.152649 -0.730550 0.404230 -0.873169 -0.904040 0.126223 0.296436 -0.512451 -0.789694 0.698719 0.039243 0.189651 0.166674 -0.116378 0.231903 -0.627388 0.083399 0.024188 0.962964 -0.294451 -0.553915 -0.167272 -0.338265 -0.323120 -0.941597 0.253744 -0.651458 0.790787 0.962986 -0.206817 -0.058011 -0.189662 0.062633 -0.653782 -0.062832 0.158593 0.472441 -0.766396 0.646142 0.682747 0.932323 -0.314615 -0.127601 0.098997 0.569007 -0.895698 0.471610 -0.347594 0.128490 0.434574 0.357954 0.574576 -0.732698 -0.980310 -0.748545 -0.674295 0.273434 -0.400003 -0.883508 0.236420 0.393180 0.058480 -0.953243 -0.544187 0.404699 -0.016074 0.614406 -0.122861 0.217530 0.260547 -0.440113 0.149853 0.945932 0.432285 -0.751150 0.514939 0.536587 0.720460 -0.832655 -0.334923 0.155034 0.525299 -0.760347 0.422336 0.544989 -0.508892 0.748041 -0.181578 0.091105 0.864532 -0.945158 -0.515715 -0.076988 -0.898400 -0.059902 

