1

32
32
64
62500
6.250000
1.600000
0.016000
0 2 4 6 8 10 12 14 16 18 20 22 24 26 28 30 32 34 36 38 40 42 44 46 48 50 52 54 56 58 60 62 64 
11 31 12 26 4 16 3 10 3 8 3 27 6 25 0 18 2 4 5 13 6 30 13 15 6 7 13 30 3 9 8 9 3 15 12 31 14 15 2 22 5 11 17 28 29 31 3 31 8 16 14 29 0 10 7 21 19 23 16 27 24 29 0 10 
-0.005840 -0.218491 -0.419605 0.841373 -0.584673 -0.727027 -0.962340 0.264182 0.913231 0.716200 -0.331441 0.557541 0.911258 -0.634392 -0.750449 0.680856 -0.516783 0.787006 -0.943760 0.329713 -0.239217 0.186293 -0.724044 -0.257459 0.170124 -0.998451 -0.487862 0.974713 0.294027 0.438339 -0.852827 -0.711814 -0.780152 -0.272432 -0.870440 -0.364825 0.000540 -0.832780 0.899357 -0.086229 0.883419 -0.432083 -0.528687 0.794677 -0.066476 -0.279136 0.475534 0.416741 -0.492130 0.531774 -0.253547 0.268652 -0.281932 0.022409 -0.988807 0.888192 0.023958 -0.476669 0.862905 -0.682016 0.961670 -0.989922 -0.393829 -0.818481 

