1

1024
1024
5120
4883
0.488281
5.120000
0.051200
0 5 10 15 20 25 30 35 40 45 50 55 60 65 70 75 80 85 90 95 100 105 110 115 120 125 130 135 140 145 150 155 160 165 170 175 180 185 190 195 200 205 210 215 220 225 230 235 240 245 250 255 260 265 270 275 280 285 290 295 300 305 310 315 320 325 330 335 340 345 350 355 360 365 370 375 380 385 390 395 400 405 410 415 420 425 430 435 440 445 450 455 460 465 470 475 480 485 490 495 500 505 510 515 520 525 530 535 540 545 550 555 560 565 570 575 580 585 590 595 600 605 610 615 620 625 630 635 640 645 650 655 660 665 670 675 680 685 690 695 700 705 710 715 720 725 730 735 740 745 750 755 760 765 770 775 780 785 790 795 800 805 810 815 820 825 830 835 840 845 850 855 860 865 870 875 880 885 890 895 900 905 910 915 920 925 930 935 940 945 950 955 960 965 970 975 980 985 990 995 1000 1005 1010 1015 1020 1025 1030 1035 1040 1045 1050 1055 1060 1065 1070 1075 1080 1085 1090 1095 1100 1105 1110 1115 1120 1125 1130 1135 1140 1145 1150 1155 1160 1165 1170 1175 1180 1185 1190 1195 1200 1205 1210 1215 1220 1225 1230 1235 1240 1245 1250 1255 1260 1265 1270 1275 1280 1285 1290 1295 1300 1305 1310 1315 1320 1325 1330 1335 1340 1345 1350 1355 1360 1365 1370 1375 1380 1385 1390 1395 1400 1405 1410 1415 1420 1425 1430 1435 1440 1445 1450 1455 1460 1465 1470 1475 1480 1485 1490 1495 1500 1505 1510 1515 1520 1525 1530 1535 1540 1545 1550 1555 1560 1565 1570 1575 1580 1585 1590 1595 1600 1605 1610 1615 1620 1625 1630 1635 1640 1645 1650 1655 1660 1665 1670 1675 1680 1685 1690 1695 1700 1705 1710 1715 1720 1725 1730 1735 1740 1745 1750 1755 1760 1765 1770 1775 1780 1785 1790 1795 1800 1805 1810 1815 1820 1825 1830 1835 1840 1845 1850 1855 1860 1865 1870 1875 1880 1885 1890 1895 1900 1905 1910 1915 1920 1925 1930 1935 1940 1945 1950 1955 1960 1965 1970 1975 1980 1985 1990 1995 2000 2005 2010 2015 2020 2025 2030 2035 2040 2045 2050 2055 2060 2065 2070 2075 2080 2085 2090 2095 2100 2105 2110 2115 2120 2125 2130 2135 2140 2145 2150 2155 2160 2165 2170 2175 2180 2185 2190 2195 2200 2205 2210 2215 2220 2225 2230 2235 2240 2245 2250 2255 2260 2265 2270 2275 2280 2285 2290 2295 2300 2305 2310 2315 2320 2325 2330 2335 2340 2345 2350 2355 2360 2365 2370 2375 2380 2385 2390 2395 2400 2405 2410 2415 2420 2425 2430 2435 2440 2445 2450 2455 2460 2465 2470 2475 2480 2485 2490 2495 2500 2505 2510 2515 2520 2525 2530 2535 2540 2545 2550 2555 2560 2565 2570 2575 2580 2585 2590 2595 2600 2605 2610 2615 2620 2625 2630 2635 2640 2645 2650 2655 2660 2665 2670 2675 2680 2685 2690 2695 2700 2705 2710 2715 2720 2725 2730 2735 2740 2745 2750 2755 2760 2765 2770 2775 2780 2785 2790 2795 2800 2805 2810 2815 2820 2825 2830 2835 2840 2845 2850 2855 2860 2865 2870 2875 2880 2885 2890 2895 2900 2905 2910 2915 2920 2925 2930 2935 2940 2945 2950 2955 2960 2965 2970 2975 2980 2985 2990 2995 3000 3005 3010 3015 3020 3025 3030 3035 3040 3045 3050 3055 3060 3065 3070 3075 3080 3085 3090 3095 3100 3105 3110 3115 3120 3125 3130 3135 3140 3145 3150 3155 3160 3165 3170 3175 3180 3185 3190 3195 3200 3205 3210 3215 3220 3225 3230 3235 3240 3245 3250 3255 3260 3265 3270 3275 3280 3285 3290 3295 3300 3305 3310 3315 3320 3325 3330 3335 3340 3345 3350 3355 3360 3365 3370 3375 3380 3385 3390 3395 3400 3405 3410 3415 3420 3425 3430 3435 3440 3445 3450 3455 3460 3465 3470 3475 3480 3485 3490 3495 3500 3505 3510 3515 3520 3525 3530 3535 3540 3545 3550 3555 3560 3565 3570 3575 3580 3585 3590 3595 3600 3605 3610 3615 3620 3625 3630 3635 3640 3645 3650 3655 3660 3665 3670 3675 3680 3685 3690 3695 3700 3705 3710 3715 3720 3725 3730 3735 3740 3745 3750 3755 3760 3765 3770 3775 3780 3785 3790 3795 3800 3805 3810 3815 3820 3825 3830 3835 3840 3845 3850 3855 3860 3865 3870 3875 3880 3885 3890 3895 3900 3905 3910 3915 3920 3925 3930 3935 3940 3945 3950 3955 3960 3965 3970 3975 3980 3985 3990 3995 4000 4005 4010 4015 4020 4025 4030 4035 4040 4045 4050 4055 4060 4065 4070 4075 4080 4085 4090 4095 4100 4105 4110 4115 4120 4125 4130 4135 4140 4145 4150 4155 4160 4165 4170 4175 4180 4185 4190 4195 4200 4205 4210 4215 4220 4225 4230 4235 4240 4245 4250 4255 4260 4265 4270 4275 4280 4285 4290 4295 4300 4305 4310 4315 4320 4325 4330 4335 4340 4345 4350 4355 4360 4365 4370 4375 4380 4385 4390 4395 4400 4405 4410 4415 4420 4425 4430 4435 4440 4445 4450 4455 4460 4465 4470 4475 4480 4485 4490 4495 4500 4505 4510 4515 4520 4525 4530 4535 4540 4545 4550 4555 4560 4565 4570 4575 4580 4585 4590 4595 4600 4605 4610 4615 4620 4625 4630 4635 4640 4645 4650 4655 4660 4665 4670 4675 4680 4685 4690 4695 4700 4705 4710 4715 4720 4725 4730 4735 4740 4745 4750 4755 4760 4765 4770 4775 4780 4785 4790 4795 4800 4805 4810 4815 4820 4825 4830 4835 4840 4845 4850 4855 4860 4865 4870 4875 4880 4885 4890 4895 4900 4905 4910 4915 4920 4925 4930 4935 4940 4945 4950 4955 4960 4965 4970 4975 4980 4985 4990 4995 5000 5005 5010 5015 5020 5025 5030 5035 5040 5045 5050 5055 5060 5065 5070 5075 5080 5085 5090 5095 5100 5105 5110 5115 5120 
71 225 576 791 966 116 189 205 457 509 118 315 695 767 847 90 553 622 636 921 1 359 513 609 776 358 386 574 645 673 54 412 637 934 1020 187 505 826 962 1006 57 614 777 943 954 41 372 390 512 994 236 480 650 747 839 110 201 489 622 651 251 255 523 891 980 36 136 756 873 963 472 694 751 882 991 70 99 110 744 984 1 406 590 651 817 29 278 479 652 895 475 504 608 734 1005 324 580 641 717 985 115 328 361 388 438 48 159 215 871 910 78 285 500 749 872 2 107 131 759 778 234 344 488 968 1008 105 120 623 819 930 99 481 685 809 1011 103 318 857 1010 1016 181 603 681 705 742 524 788 873 876 960 114 170 324 860 868 20 430 644 663 783 25 91 191 240 631 10 28 177 734 883 288 593 631 715 875 53 295 443 833 897 93 131 421 577 1003 60 114 455 844 885 60 144 365 758 977 76 86 104 321 969 22 331 390 736 820 0 53 728 833 919 27 104 235 630 707 88 552 690 801 915 505 649 932 992 1014 54 66 649 970 1023 171 277 299 820 907 186 195 907 961 1019 99 334 567 607 923 0 275 384 595 683 33 552 559 591 924 614 628 682 914 981 11 128 409 613 905 181 376 590 595 918 275 399 689 855 882 0 242 653 994 1023 220 417 517 552 586 244 265 308 369 779 368 393 754 873 983 287 298 404 935 964 130 196 529 530 563 128 195 421 499 664 157 310 348 575 748 103 124 473 554 883 134 403 432 517 800 45 195 333 740 921 247 325 443 854 896 293 329 638 834 957 91 457 558 666 805 358 398 525 868 909 142 649 790 802 936 39 234 283 566 981 162 290 530 560 973 389 390 456 587 720 153 397 480 955 959 122 174 647 799 844 178 272 414 968 976 453 510 793 845 888 112 224 274 299 688 248 310 614 730 836 96 141 209 464 576 219 322 399 699 940 42 90 341 397 595 439 752 851 930 1009 103 327 621 864 920 114 145 845 941 981 166 228 493 692 941 67 168 224 286 307 62 314 357 491 683 0 47 263 486 851 345 448 589 855 1015 490 791 834 916 970 38 447 613 708 730 121 177 346 797 921 59 435 742 837 899 32 569 742 792 946 23 409 879 998 1018 339 701 825 829 891 252 276 592 739 865 218 445 453 762 799 277 295 612 883 1019 63 95 410 487 737 119 276 282 793 819 420 615 660 799 998 52 337 367 643 672 72 252 497 514 715 112 407 460 872 992 334 470 700 948 987 129 235 566 685 983 434 559 659 851 922 247 801 896 920 949 410 420 422 492 662 82 114 340 774 801 46 157 628 725 746 35 164 170 705 855 62 490 621 768 941 494 701 911 924 1015 97 297 419 589 841 14 710 930 955 960 60 408 472 707 868 443 488 607 642 806 149 405 473 669 963 140 267 540 761 863 28 156 325 637 997 108 202 261 929 972 199 815 816 943 1003 249 264 642 785 906 225 294 355 654 895 133 138 803 899 944 31 273 286 673 972 4 488 535 597 933 275 388 483 831 852 206 421 539 588 593 303 432 473 776 842 46 172 179 252 441 114 120 316 347 852 261 351 394 602 929 89 175 388 564 663 128 178 334 490 921 308 351 599 766 781 10 45 397 486 576 125 182 303 404 802 96 477 518 602 697 272 738 827 836 990 190 629 724 807 964 17 274 382 499 733 62 106 256 266 549 62 327 449 682 752 425 453 580 676 930 3 447 644 948 993 148 381 598 700 760 338 763 837 975 992 30 70 336 472 578 236 298 579 785 907 242 336 513 878 938 455 530 886 910 941 191 309 457 484 892 604 609 796 843 865 52 630 679 811 841 280 397 777 866 1016 140 181 267 616 1018 99 525 720 858 980 5 147 463 470 1009 15 235 311 858 916 463 500 645 844 968 245 417 492 575 860 116 512 552 558 732 53 262 566 694 793 9 157 224 267 778 7 172 536 730 965 262 372 428 652 786 91 341 754 947 951 43 488 775 899 999 158 317 427 481 951 490 579 647 705 847 442 495 553 820 930 218 257 455 827 870 142 249 474 519 547 224 358 483 518 712 242 269 587 785 870 142 479 733 797 989 152 356 385 519 827 247 411 673 979 1014 9 766 891 958 1015 215 408 492 850 926 172 612 759 774 928 3 548 563 854 901 48 362 388 867 920 4 191 352 599 864 341 349 415 731 741 209 332 547 660 757 36 202 451 648 832 18 444 478 567 750 117 287 649 753 938 148 308 986 990 1001 381 576 730 879 917 225 464 596 773 806 100 200 466 842 932 128 402 475 919 944 183 876 881 962 998 282 805 810 832 839 163 256 286 362 430 333 481 664 882 893 230 341 431 433 482 816 833 869 948 962 660 712 807 819 895 52 475 489 703 794 256 419 483 769 852 84 289 565 622 627 32 203 268 750 796 12 166 373 520 675 303 749 770 878 974 414 428 540 592 963 51 66 671 746 918 355 371 424 820 830 143 418 692 978 1010 69 346 359 525 589 55 104 309 379 893 164 223 533 595 832 149 215 427 894 960 12 292 326 436 979 104 232 246 470 522 93 151 591 592 816 26 157 461 472 516 58 86 88 577 859 252 467 513 662 952 156 479 617 888 915 389 402 634 943 1019 86 182 202 333 518 243 270 295 767 794 105 287 320 375 406 70 91 163 627 919 112 150 550 557 979 70 437 441 459 514 17 125 327 641 955 260 365 622 745 975 8 383 530 635 686 68 798 889 988 1010 57 521 607 672 845 24 447 461 742 957 177 392 572 819 899 409 491 497 670 770 176 500 525 812 863 557 586 593 870 883 55 273 452 510 927 206 445 534 653 727 202 364 417 622 996 77 163 420 575 774 131 414 596 655 939 384 508 860 971 1014 42 97 399 672 763 245 249 784 824 878 96 507 709 756 867 261 338 424 787 870 55 186 266 752 863 151 170 177 223 667 13 193 290 569 777 2 71 90 217 786 179 264 335 518 579 27 440 461 615 864 93 365 567 728 920 82 259 760 790 912 26 81 273 506 961 28 372 462 724 795 309 350 798 815 977 362 393 615 642 924 66 77 129 233 1008 212 399 471 633 838 336 726 744 807 843 155 543 618 770 799 314 392 590 665 899 256 345 738 800 898 77 138 204 882 971 212 289 774 837 960 259 476 481 549 760 2 227 368 415 911 9 201 401 592 866 98 244 460 468 746 382 407 586 855 997 399 484 541 773 791 136 510 611 991 1017 194 253 391 504 668 54 197 593 677 789 233 435 477 534 800 236 338 507 643 859 104 106 421 820 877 363 408 544 641 647 25 330 525 538 894 191 416 487 722 1009 21 245 421 721 955 10 174 257 438 900 228 431 776 882 1004 123 197 506 636 858 29 156 181 528 1017 531 583 598 722 751 214 935 967 988 1004 86 96 221 349 935 78 97 102 527 984 109 367 466 755 936 524 582 589 637 705 89 279 393 666 811 519 608 754 843 863 80 605 718 755 939 13 91 182 205 701 3 143 304 609 960 112 175 750 757 828 392 509 786 789 847 365 370 447 628 634 59 178 471 889 999 148 259 353 441 1012 79 82 170 290 584 194 345 398 594 944 78 313 672 907 925 75 276 445 536 901 310 724 781 902 960 137 579 923 930 935 60 139 259 549 1002 119 255 309 517 654 175 401 488 634 733 49 146 326 563 1008 23 26 295 928 984 42 52 795 895 982 218 621 760 767 773 46 65 700 834 887 240 380 409 729 781 20 133 166 268 831 150 159 190 253 548 21 63 105 559 600 463 566 726 777 816 376 383 441 509 520 185 521 595 681 764 328 386 615 655 781 432 461 620 908 971 8 97 119 684 789 320 477 492 567 935 200 440 841 853 955 196 270 625 952 964 314 462 790 811 969 228 516 569 848 853 261 270 508 614 733 134 274 644 766 837 98 113 697 951 975 92 126 151 198 738 320 440 554 722 935 215 267 386 548 784 373 374 477 747 881 83 131 560 727 897 570 645 694 753 825 398 683 797 889 951 7 53 309 419 493 71 264 275 739 879 35 409 494 548 637 195 271 492 626 831 46 123 499 502 1021 103 677 729 750 920 180 199 412 730 785 55 160 420 695 920 115 126 674 730 797 267 607 752 893 945 230 369 415 799 802 120 178 250 354 525 12 192 224 636 908 32 84 88 139 727 21 248 265 433 939 131 158 289 548 860 527 588 709 819 934 39 149 211 399 942 263 274 389 411 899 358 497 604 692 932 45 635 762 941 962 227 513 593 677 725 77 386 635 896 913 21 320 531 832 871 110 171 421 832 921 81 412 529 917 1009 2 529 574 764 1022 143 164 417 930 960 439 479 550 868 1007 247 307 800 880 901 94 107 204 298 375 83 190 519 600 904 162 598 612 646 906 39 306 535 699 969 150 225 630 664 953 406 686 713 809 912 68 187 918 985 1006 150 269 377 460 587 32 49 164 679 762 211 273 517 718 972 173 274 593 664 668 40 378 680 726 838 1 263 369 708 895 69 248 533 657 683 559 709 715 758 821 65 370 463 833 969 107 298 729 781 955 37 381 471 676 769 155 406 670 716 718 27 179 275 420 787 217 553 718 862 984 586 664 777 924 989 103 210 274 343 694 19 591 628 644 992 10 30 336 490 646 673 680 818 859 948 214 227 432 697 909 127 185 243 603 771 90 92 346 556 786 123 365 374 384 754 497 710 751 762 875 146 254 418 535 741 70 157 749 951 979 154 281 342 559 802 89 125 135 180 373 545 681 805 889 929 239 270 532 780 950 178 253 399 667 689 425 470 870 927 943 1 61 282 403 984 493 656 673 763 888 194 326 545 657 791 99 822 859 880 896 105 109 465 509 794 547 560 643 713 979 341 380 561 608 1011 80 475 480 843 968 129 243 323 489 900 279 423 651 772 816 12 388 527 571 756 179 216 656 852 897 209 313 550 776 787 133 231 608 630 774 39 360 574 684 851 83 476 482 727 855 23 35 215 362 750 452 624 691 742 958 0 633 661 711 870 133 187 384 615 817 367 407 569 742 975 238 273 635 718 749 56 721 772 807 936 407 475 588 654 807 275 321 497 859 955 276 315 409 478 684 127 697 845 881 930 187 228 467 493 970 76 164 244 443 695 27 226 434 701 730 269 294 570 766 1023 231 245 427 846 954 8 151 359 726 905 32 398 501 955 1002 92 562 673 689 933 318 344 370 638 960 184 638 639 1019 1020 6 170 382 809 949 238 321 392 597 690 323 329 607 629 831 256 259 405 496 721 217 341 348 666 897 326 657 662 711 856 16 23 493 582 708 49 159 261 752 858 186 379 463 552 875 46 302 573 682 832 63 292 404 650 706 91 417 755 923 955 102 147 588 772 795 32 595 755 899 949 134 283 304 329 890 148 375 490 677 707 198 211 303 516 615 97 526 595 706 853 91 99 201 238 601 113 372 404 528 797 38 270 342 599 811 629 832 945 974 980 121 167 319 627 930 4 416 464 501 782 95 245 564 765 846 194 333 446 538 598 42 485 827 853 868 380 393 443 636 775 501 592 760 926 1020 212 404 518 820 983 280 408 458 503 523 258 264 475 803 836 49 675 743 845 918 159 337 426 547 731 283 487 727 751 806 10 79 291 630 1006 418 464 749 921 965 6 481 507 728 733 329 424 530 711 991 234 393 406 762 1004 120 172 188 469 471 550 590 608 802 812 206 531 567 841 995 30 103 573 699 836 183 491 512 560 804 492 723 725 898 985 62 94 168 214 340 59 119 388 533 822 114 443 900 919 931 30 217 566 890 1016 22 237 583 749 834 2 243 301 544 729 96 310 411 603 665 109 174 233 751 870 109 393 497 778 892 85 259 545 553 825 115 127 550 568 949 226 228 492 671 787 71 301 324 736 914 28 635 744 899 910 119 217 229 610 653 303 521 606 782 870 198 647 671 722 871 454 645 874 985 998 78 403 525 535 836 14 124 238 758 865 244 369 473 740 975 231 408 472 562 890 55 170 253 382 534 215 356 668 818 1002 125 170 513 669 746 139 167 326 408 533 252 777 849 897 907 118 226 387 457 795 349 590 761 850 991 80 199 295 555 706 110 173 684 945 964 47 186 499 519 666 28 60 549 805 909 7 272 464 801 919 43 223 431 486 893 244 463 778 781 973 123 184 296 898 977 108 295 796 814 945 168 438 623 842 988 53 325 630 661 765 70 123 237 368 501 100 187 258 346 721 53 431 616 844 951 117 701 873 911 913 125 291 327 519 981 33 118 178 503 748 295 694 817 818 871 84 139 239 271 554 72 251 292 295 703 68 78 182 189 219 25 150 378 405 883 220 328 496 697 730 14 193 400 678 831 10 309 332 763 863 91 163 571 713 863 58 127 166 352 1008 25 152 403 430 835 214 303 508 631 899 93 95 109 439 614 115 258 419 807 856 349 525 556 686 867 512 541 584 707 864 82 270 711 733 863 112 142 590 774 1012 83 189 193 395 805 115 179 282 294 612 196 514 870 981 982 31 42 482 549 708 448 593 739 753 819 468 548 560 735 901 249 485 632 644 674 48 413 823 825 957 6 51 94 259 455 140 520 533 552 576 267 305 484 689 715 251 362 610 830 898 55 71 408 746 800 209 499 622 679 699 593 644 727 733 881 153 229 313 453 781 11 24 118 602 729 495 739 909 964 991 151 567 767 770 825 289 360 501 968 1000 380 569 671 839 982 128 189 342 581 609 48 59 367 391 699 74 107 218 278 968 440 790 841 989 1007 216 267 272 328 992 101 243 286 812 887 230 243 320 852 1001 195 368 487 587 811 371 427 694 765 983 585 768 794 811 948 42 553 715 881 982 121 143 202 258 1014 193 244 364 474 992 262 288 388 656 749 59 430 490 645 975 218 374 389 449 974 23 31 65 503 1012 225 289 360 411 503 184 198 216 748 775 104 333 460 472 968 163 185 284 675 930 101 295 475 593 811 246 540 749 800 831 86 96 563 589 789 165 259 313 507 1005 203 512 536 637 972 134 741 809 821 904 261 473 727 910 1022 37 244 361 901 994 56 206 441 868 964 187 448 645 707 959 352 395 447 910 989 220 423 529 586 706 35 201 315 945 947 166 296 333 440 563 118 136 177 192 881 63 250 566 772 837 135 195 249 567 602 96 249 558 591 778 411 613 701 835 871 143 152 477 623 789 93 450 592 654 925 314 513 764 772 930 342 563 679 699 874 135 233 441 538 910 689 818 949 971 1012 53 288 538 690 961 45 259 414 709 978 47 108 198 817 978 281 483 633 671 962 167 302 346 580 925 233 249 364 439 568 43 522 569 903 1005 395 440 530 575 828 234 513 531 577 712 140 342 650 931 1013 74 336 525 624 916 304 377 460 626 964 183 191 651 670 693 22 273 557 753 767 47 463 697 759 850 4 15 358 385 498 98 293 340 367 623 232 347 563 692 744 27 362 553 868 1017 296 314 644 666 780 105 361 396 569 802 96 228 481 754 817 118 138 327 774 822 39 371 490 862 950 178 185 334 361 401 118 227 465 822 955 169 432 570 793 797 142 346 349 889 923 79 97 127 454 964 53 215 381 450 871 181 239 417 489 891 25 216 542 660 822 68 227 681 822 861 576 719 726 890 991 49 146 448 659 1018 164 361 414 738 829 521 653 654 676 857 12 47 263 319 376 81 143 147 344 944 110 645 724 942 1001 54 419 694 840 995 177 225 419 793 957 221 587 591 735 901 84 87 268 403 531 99 180 451 748 891 99 298 598 744 1001 414 717 772 949 978 230 345 407 541 570 38 195 447 474 998 122 158 245 463 526 250 345 421 525 994 94 117 294 624 1020 49 344 758 998 1012 277 319 371 760 988 313 346 751 789 889 471 541 717 912 1005 38 373 414 664 975 164 369 563 781 875 243 508 651 663 924 194 207 387 664 899 60 373 392 579 925 45 157 423 442 844 99 375 459 537 575 93 115 279 748 880 384 632 732 756 787 6 214 507 702 771 412 694 762 793 804 111 112 955 961 1007 20 442 469 536 911 135 398 542 635 728 106 178 414 460 739 184 222 398 592 844 167 662 784 924 1004 705 721 773 861 974 123 150 373 486 704 39 170 306 665 1008 146 148 712 720 898 59 83 561 885 993 457 541 625 646 1008 301 396 412 462 1022 77 227 703 826 898 231 247 397 467 703 68 400 506 652 943 37 274 333 513 597 115 392 581 598 791 203 414 416 599 854 93 117 243 676 903 277 362 365 596 919 356 497 516 869 980 584 621 631 964 1011 141 195 310 584 731 99 344 726 944 954 116 173 210 290 596 105 468 476 655 753 42 228 313 709 744 304 673 797 810 925 96 321 357 498 613 108 350 406 420 843 224 335 434 523 763 445 540 811 814 1008 226 268 297 393 673 83 598 697 881 941 214 530 694 713 851 76 184 248 532 598 98 271 409 606 843 333 359 394 912 934 136 343 376 640 1007 50 321 404 581 724 319 648 679 795 852 395 484 580 927 1016 263 502 600 870 989 144 240 488 808 821 104 150 287 487 804 157 207 691 828 1013 150 156 385 841 855 400 496 546 633 641 67 102 478 897 902 743 875 966 983 1019 109 396 483 544 763 64 391 587 701 908 53 739 776 894 932 366 412 549 766 890 32 159 514 581 644 40 98 432 734 775 324 428 804 843 911 1 216 280 474 865 203 333 617 624 909 51 490 525 569 902 210 242 312 392 956 31 71 382 973 1017 546 697 727 810 875 18 147 175 176 762 61 351 605 686 1012 100 106 152 157 554 31 344 367 412 423 373 375 602 609 755 298 305 447 541 852 214 361 474 590 650 349 609 712 954 960 36 374 491 526 591 194 557 561 981 1003 147 323 330 699 749 31 61 122 420 602 153 449 816 883 894 34 209 502 521 995 85 432 462 468 583 8 29 200 643 662 6 331 347 600 930 72 103 128 569 991 361 412 419 549 986 125 446 514 940 1016 417 424 708 879 892 413 531 794 908 916 54 224 731 919 1013 126 230 359 431 886 192 303 604 792 908 27 220 274 282 345 30 300 444 566 698 73 77 184 213 824 97 202 301 804 858 191 531 890 983 985 54 158 383 390 774 274 440 714 988 1015 388 435 619 649 735 4 449 662 920 954 274 643 808 864 997 604 672 805 920 961 154 286 422 444 795 109 118 476 750 884 346 545 574 962 995 152 256 421 893 897 59 125 399 681 924 181 300 758 861 904 20 251 675 830 853 325 454 465 728 948 34 579 800 838 900 169 707 772 835 988 89 128 228 238 580 419 489 538 670 990 70 499 724 744 750 185 454 511 825 900 387 414 685 859 909 201 225 433 602 909 189 279 465 703 831 218 414 768 925 959 346 625 637 707 913 70 385 531 584 639 18 220 405 640 979 50 492 607 634 859 25 304 459 652 957 48 296 395 637 855 151 351 462 468 922 36 244 735 775 990 96 175 316 794 1015 632 682 782 786 950 184 250 310 770 811 91 139 141 652 821 96 335 437 601 952 247 331 579 918 983 55 101 372 946 955 35 212 276 298 554 60 285 469 523 871 77 266 269 410 962 159 678 847 918 1014 197 238 501 606 738 45 146 252 354 432 423 458 624 909 923 97 620 743 831 983 189 275 455 769 889 99 340 350 501 847 84 258 578 585 996 4 18 164 775 1017 232 347 527 587 628 21 330 487 765 950 39 294 385 816 954 67 166 364 735 886 52 397 424 448 630 2 9 382 386 415 143 349 579 582 1014 164 518 912 929 1005 275 314 630 838 859 177 221 698 864 956 265 541 615 989 1008 53 662 997 998 1000 325 349 359 632 775 795 848 867 907 940 99 216 610 681 845 414 591 834 902 914 73 108 755 819 1020 47 383 410 658 711 23 67 319 348 742 3 71 232 935 1011 489 613 759 832 859 249 367 720 830 840 178 447 451 948 997 44 81 383 766 1021 67 88 415 484 792 146 159 462 551 647 33 198 240 651 978 46 282 444 767 811 22 98 194 962 989 19 63 321 642 723 63 130 492 547 580 75 169 537 545 739 36 735 820 839 885 26 47 83 259 768 12 20 124 146 850 165 272 362 662 975 228 336 358 854 883 49 125 410 904 958 183 472 825 869 1010 61 905 952 978 988 79 108 120 814 835 71 225 344 391 473 619 665 680 835 978 51 176 474 539 858 105 162 752 907 946 25 33 598 633 988 67 133 253 388 1012 199 292 325 673 683 126 279 325 484 669 67 177 233 314 864 236 354 516 702 974 311 342 375 480 505 274 363 430 638 909 122 193 473 723 892 163 382 607 661 862 3 733 894 910 961 240 318 554 757 911 213 248 589 896 901 36 333 611 719 786 18 201 394 510 741 99 215 232 632 761 395 399 631 835 948 51 247 456 569 717 22 120 808 923 1022 26 368 685 717 979 208 228 714 722 997 32 622 814 840 855 158 226 551 625 980 160 318 727 791 843 182 566 625 627 686 30 81 318 766 1009 345 464 573 672 983 2 171 463 489 673 149 229 477 521 1014 64 149 245 854 876 12 194 377 691 715 18 275 293 407 611 351 392 482 505 956 1 131 464 620 677 117 455 594 679 908 456 604 739 839 888 469 571 579 663 903 339 451 864 939 956 59 384 415 731 957 60 142 542 546 889 82 198 259 524 979 559 669 821 854 1016 96 240 461 549 685 15 100 172 511 960 219 364 387 771 972 155 278 338 637 910 29 288 353 818 862 118 233 353 436 788 135 313 345 806 919 308 345 409 907 922 14 480 732 819 871 93 97 211 292 630 126 248 415 469 602 14 247 263 533 616 142 297 610 744 962 278 340 586 627 1019 49 373 381 396 526 529 584 622 681 688 295 448 764 808 870 3 199 462 619 732 6 557 616 710 852 106 278 612 692 905 50 407 780 952 1001 104 110 340 446 506 145 405 806 975 1022 148 399 713 862 1005 301 376 548 719 768 312 461 483 579 924 151 201 830 852 868 312 625 647 758 965 139 368 417 745 963 285 433 605 726 767 111 129 177 416 479 34 323 423 506 989 116 152 318 340 495 270 699 906 965 982 31 567 687 839 846 100 270 380 533 799 166 510 686 711 797 197 200 520 981 1016 12 73 391 672 696 333 630 859 901 977 8 564 596 681 847 225 371 457 495 947 144 157 237 751 954 127 186 229 310 510 182 194 260 296 648 147 651 804 927 984 344 664 816 993 1007 287 360 740 889 940 15 173 252 317 517 113 448 482 575 627 199 296 496 668 928 399 490 516 556 638 179 261 485 523 621 127 278 440 727 1018 167 484 487 742 1005 87 429 453 995 1004 2 97 180 200 496 51 558 601 676 987 50 198 230 536 753 169 459 586 808 814 31 50 615 897 975 15 435 460 522 586 113 195 440 620 722 115 158 272 323 673 235 553 723 759 957 25 283 392 452 979 5 325 784 833 941 36 195 496 503 717 416 519 533 632 936 396 611 747 769 805 95 105 437 504 658 331 356 370 829 941 166 695 784 789 950 92 122 297 612 825 210 219 231 611 839 524 587 743 842 966 67 264 338 433 629 97 181 310 504 764 70 223 263 551 860 189 311 661 835 927 127 145 358 514 959 177 388 675 733 888 423 764 832 1013 1018 163 258 312 439 622 190 260 523 693 991 0 1 166 529 713 101 127 246 419 929 110 129 486 663 804 211 403 493 499 794 166 193 356 524 751 116 122 133 617 815 320 323 325 487 829 230 588 649 830 957 
-0.227238 -0.657103 0.099822 0.388102 -0.319262 -0.213703 -0.848288 0.020391 0.965851 0.945477 -0.159452 0.785127 -0.247355 -0.188234 0.562217 -0.872639 0.155868 0.757758 0.790031 0.086578 -0.589022 -0.804490 -0.180873 0.801578 -0.410354 0.556408 -0.529195 0.924571 0.632436 0.805283 -0.548094 -0.594801 -0.851820 0.551728 0.793300 -0.171081 -0.661975 0.945012 0.849310 -0.696123 0.890489 -0.310142 -0.910996 -0.356866 0.501623 0.651221 -0.229505 -0.342508 0.408979 -0.439474 0.744070 0.819956 -0.243964 -0.436803 0.621535 0.345682 -0.880395 -0.907660 0.270253 0.752041 0.897623 0.722159 -0.842760 -0.954197 0.273887 0.950540 -0.125278 0.611912 0.895553 -0.275968 0.915789 0.786042 0.413890 -0.995207 -0.570824 -0.084487 0.656014 0.199670 0.573005 0.064992 0.760196 0.317074 -0.115051 -0.483768 0.880271 -0.493517 0.861914 0.999876 -0.401177 0.132166 0.751916 -0.503554 -0.145675 0.909156 -0.457751 -0.871788 0.859696 0.416971 0.740124 0.755249 -0.858997 0.655913 0.541291 0.554893 0.660706 0.970466 -0.529594 0.316720 0.170137 -0.956589 -0.618288 -0.069667 0.360485 0.266661 0.446565 0.240756 0.773144 0.308479 0.240632 -0.628033 -0.559355 -0.007452 -0.131588 0.294970 -0.098295 0.410661 0.423182 -0.238599 -0.172367 0.163306 -0.483350 -0.031364 -0.180781 -0.942060 -0.476471 -0.520075 -0.971593 -0.006065 0.796644 0.198543 0.037346 -0.821644 -0.871124 -0.602168 0.445017 0.575441 0.638588 0.218161 -0.116080 -0.120780 0.590127 0.324565 0.871769 -0.541460 -0.380464 -0.226527 0.869201 -0.957282 0.534874 -0.303166 0.206024 -0.948476 0.665470 -0.974757 -0.890536 -0.811001 -0.494833 -0.862130 0.182934 -0.698189 0.336414 -0.779719 -0.519833 0.465290 -0.381887 0.925184 0.040731 -0.743299 0.143345 0.924651 0.135921 -0.266528 0.249217 0.007690 0.192011 0.868752 0.781163 0.061212 0.911470 0.316037 0.758046 0.117494 0.367560 0.423516 0.142736 0.477024 0.612515 0.647904 0.614895 -0.204551 0.949715 -0.048692 0.015730 -0.570118 -0.583402 0.633843 -0.644934 0.457330 0.890544 0.498411 0.381981 0.026465 -0.768117 -0.368803 -0.965846 0.423894 -0.500050 0.815317 -0.514893 -0.588580 0.131354 -0.756847 0.528913 -0.501086 0.666668 -0.328350 0.975939 0.279183 -0.680447 0.590833 -0.925368 -0.730732 -0.457858 0.090362 -0.300850 -0.041260 -0.275795 0.054217 -0.583931 -0.385252 -0.447373 0.798050 0.641213 -0.215490 -0.570752 0.675367 -0.791596 -0.070803 0.490685 -0.306489 0.340617 -0.377961 -0.063337 -0.130470 0.120953 -0.396668 0.541180 0.096892 0.882515 0.860733 -0.312275 0.957147 -0.869999 0.229866 0.047509 -0.170848 -0.811394 0.771714 0.883369 -0.395325 -0.613538 -0.564004 -0.597274 -0.972325 0.220506 -0.168027 0.703043 0.428910 0.761171 0.193727 -0.877579 0.101788 0.815766 0.059084 0.971318 -0.063281 0.662416 0.512498 -0.966390 0.544931 0.373231 -0.278665 0.502078 0.503233 0.951201 -0.450412 -0.667615 -0.860193 -0.678698 -0.784247 -0.255517 -0.292236 -0.348251 0.147208 -0.264561 0.872256 0.979182 -0.561518 0.301166 0.740353 0.632209 0.423587 -0.157860 0.447975 -0.517329 -0.186542 -0.615306 -0.854913 -0.674044 -0.581695 0.690018 0.699187 0.139640 0.192096 0.202419 0.090841 0.741683 0.534804 0.230648 -0.937015 0.750557 0.975131 -0.229251 -0.597693 0.122340 0.506189 -0.725438 0.101522 0.944671 0.575728 -0.158126 0.576880 -0.000685 0.684014 0.024855 0.481985 -0.502528 0.409549 0.627072 -0.176572 0.827854 0.317090 -0.477385 -0.032506 -0.490814 0.725034 -0.941665 -0.749131 0.259838 0.288983 -0.686146 0.010395 0.264114 0.084603 0.412702 -0.613546 -0.409208 0.687264 0.487975 -0.464537 0.262992 -0.670151 -0.887657 -0.737693 -0.986136 0.137198 0.744292 -0.488664 -0.453252 0.371364 0.334764 -0.625398 -0.311546 0.857378 0.342095 0.197639 0.582413 0.400430 0.448508 -0.157749 -0.310587 0.762362 0.852646 0.953527 -0.153034 0.265348 -0.660019 0.437758 -0.047388 0.827956 0.973220 -0.784396 -0.842194 -0.914437 -0.522089 -0.828331 0.222762 -0.777797 -0.316995 0.769510 0.593567 -0.982231 -0.855889 -0.717979 0.875147 0.486207 0.479660 0.457560 -0.113363 -0.071832 -0.700189 0.576050 -0.309469 -0.847543 0.529577 0.537496 0.417805 0.869558 -0.024746 -0.629582 0.697514 -0.051526 -0.413978 0.855320 0.034038 0.063933 -0.973011 -0.743201 0.286135 -0.290006 -0.973691 -0.120298 -0.272237 -0.829580 0.161723 -0.397090 0.656627 -0.358617 -0.939530 -0.456736 0.569551 -0.639720 -0.880686 -0.739918 -0.487262 0.648891 0.797578 0.930543 0.518449 -0.227168 -0.699039 0.215963 0.721307 -0.113018 0.071282 -0.244656 0.950915 0.098271 0.012143 0.237050 0.808265 0.038452 -0.883248 -0.463972 0.208873 0.278475 0.138938 -0.134500 0.919858 0.199407 0.408764 0.489409 0.559688 0.528078 0.749491 -0.927575 0.176969 0.547069 -0.997032 -0.304582 -0.680098 -0.696071 0.911381 -0.958792 0.190911 -0.017337 -0.203447 0.141826 -0.919065 0.808696 -0.621124 0.889200 -0.152852 -0.504371 -0.574772 -0.943979 0.774103 0.564165 -0.078479 0.693961 -0.236428 -0.669715 0.183370 -0.676740 0.858364 -0.067139 -0.604315 0.035333 -0.520070 -0.601346 0.730751 -0.200168 -0.297418 0.642132 -0.158960 0.893493 -0.375204 0.637592 0.035320 -0.294270 0.446288 0.414196 -0.405070 -0.706563 0.909825 0.020158 -0.650542 0.683928 -0.415677 0.270979 0.377889 0.347895 0.601264 -0.438742 0.671155 0.459628 0.494119 -0.933160 -0.505039 0.974049 -0.534506 -0.774287 -0.226119 0.168076 0.867845 0.614920 0.061570 -0.507359 0.252513 -0.903111 0.198371 -0.301199 0.511085 0.793301 -0.007762 0.420910 -0.186541 0.341696 0.104838 0.397782 -0.387325 -0.517273 -0.254323 -0.786061 0.043985 -0.583168 0.673567 -0.461896 -0.516328 -0.831471 -0.487847 -0.050834 -0.605759 0.286033 -0.882757 -0.737913 -0.099046 0.178812 -0.245273 -0.846533 0.275702 0.953099 -0.147732 -0.213213 0.746400 0.844506 -0.792303 -0.440141 0.186202 0.312535 0.957641 0.798877 0.795261 -0.296682 -0.987184 -0.160754 0.120150 0.686383 0.377350 0.603822 0.854912 0.889503 -0.447011 -0.750847 0.175536 -0.329769 -0.488760 -0.923510 0.849043 0.265967 -0.770043 0.124745 0.219066 0.082225 0.911532 -0.034534 -0.073268 -0.880771 0.525325 -0.887066 0.431763 0.482966 0.911811 0.227024 -0.813716 0.924627 -0.933730 0.306434 0.611010 0.443620 -0.089744 0.465922 0.333123 0.463244 0.715075 -0.491340 -0.866524 -0.773685 -0.414850 0.982519 0.492282 -0.184893 0.107264 -0.288652 0.897333 0.018796 0.676814 -0.175935 0.138024 0.202139 -0.063001 -0.430213 -0.314895 -0.151190 0.796812 -0.128611 -0.226563 0.863082 -0.822177 -0.615553 0.306703 0.088078 0.850370 -0.360174 -0.448677 0.565445 0.148486 -0.315201 0.791760 0.733636 -0.332683 0.284043 -0.451257 0.774581 0.995391 -0.553924 -0.206623 0.672205 0.270141 0.931401 -0.125657 -0.792861 -0.498812 0.559448 0.055949 -0.702000 -0.569163 0.829386 -0.838918 -0.391340 -0.786167 0.467785 0.696738 -0.935797 -0.892389 -0.751939 0.629648 0.256097 -0.067140 0.421408 -0.010267 0.600177 -0.294550 0.538476 0.374758 -0.299159 0.984552 -0.831865 -0.626954 0.254693 -0.900464 0.247389 0.461832 -0.399276 -0.193163 -0.482218 -0.101276 0.237675 -0.652833 0.059807 0.846334 -0.438999 -0.472409 0.543072 -0.374797 -0.364798 0.791134 -0.745149 0.891299 -0.276007 0.676259 -0.118969 -0.675830 -0.618291 -0.580493 0.698929 0.082550 -0.595941 0.867064 0.455596 0.658752 0.966599 -0.297015 0.120585 -0.432676 0.509822 0.638366 0.466048 -0.252503 0.985534 -0.474146 -0.406169 -0.453466 0.053446 -0.863097 0.171737 0.688648 0.928037 0.426588 0.579947 -0.347970 0.102847 -0.539022 -0.023800 0.484556 -0.119515 -0.324871 -0.432894 0.284545 -0.457808 -0.977299 -0.056703 -0.491208 -0.274314 -0.936118 0.076115 -0.764492 0.702248 -0.457837 -0.016996 0.687782 0.068017 0.576835 -0.765684 -0.878537 0.713738 0.406053 0.810111 0.641775 -0.167359 0.390058 -0.706195 0.935488 0.851036 0.270006 0.420043 -0.268479 0.945135 0.987149 -0.983934 -0.512673 -0.990150 -0.040637 -0.003881 -0.264464 0.023244 -0.927766 -0.028956 -0.274508 -0.385602 0.954048 -0.586726 0.682415 0.530884 -0.352410 0.803878 0.244622 -0.946357 0.613989 -0.113603 -0.113716 0.004047 0.180203 -0.178229 -0.144918 -0.549792 -0.758185 0.586603 -0.604657 -0.771036 0.602669 -0.117330 -0.761186 -0.437969 0.878789 -0.025649 0.585276 0.951024 0.945395 -0.689232 -0.434579 0.899443 -0.275958 -0.752164 0.430327 0.371632 -0.948286 -0.325051 0.425274 0.665703 0.561346 -0.688442 -0.330250 -0.258452 0.133329 0.524832 0.191757 0.375144 0.111435 0.587100 0.604108 -0.285896 -0.530230 0.842922 0.276135 -0.651441 -0.182727 -0.138589 -0.700417 -0.237333 0.172179 -0.134995 -0.337889 0.896221 0.112841 -0.907563 0.267853 0.164555 -0.232614 -0.306873 -0.169741 -0.671268 0.004685 0.500008 0.070280 -0.861987 0.024841 -0.737963 0.513157 -0.863724 0.849137 0.117265 -0.149620 -0.681093 -0.039813 -0.873485 -0.332534 0.777460 -0.012074 -0.032950 -0.459873 -0.839894 0.832054 0.202238 -0.943673 -0.055105 0.294675 0.324180 -0.890550 -0.937939 -0.982693 -0.060291 -0.609208 0.021992 -0.560282 0.461072 0.160005 0.464558 0.723109 -0.326838 0.600834 0.572246 0.790427 -0.548787 0.891153 -0.249386 -0.422272 -0.441381 -0.471926 0.565655 0.525669 0.068201 0.725760 0.357723 -0.729562 0.782088 -0.697382 0.565113 0.106268 -0.587932 0.627174 0.123575 0.351777 -0.982034 -0.854434 0.791495 0.479038 0.305571 0.256053 0.202148 0.978734 -0.143113 -0.225607 0.769161 0.308100 -0.334454 -0.480225 0.885828 0.224165 0.047849 0.451483 -0.250166 -0.883951 0.177244 -0.892443 -0.613512 -0.040669 -0.589826 0.951601 -0.934401 -0.177757 0.578775 0.189173 -0.825980 0.596741 0.334740 0.965515 0.075779 -0.359689 0.221568 -0.722073 -0.380955 -0.921545 0.052320 -0.611795 0.386555 0.717866 -0.092020 0.272383 -0.057969 0.955828 -0.276134 0.691865 -0.928122 0.901110 0.799422 -0.541634 -0.139559 -0.790404 -0.590033 -0.073961 0.031839 0.988741 -0.884787 0.205859 0.585482 0.449952 0.171374 -0.338739 -0.909737 -0.607059 -0.060813 -0.290692 -0.528604 0.991507 0.097513 0.857951 0.709374 -0.994507 0.130334 -0.348595 0.961322 0.854200 -0.656730 -0.966801 0.755309 -0.857309 -0.508435 -0.384250 -0.647713 -0.098468 0.541789 0.384126 -0.109727 0.657002 -0.410015 -0.524245 0.106954 0.761358 0.137016 0.197218 -0.845700 -0.923797 0.906526 -0.374304 -0.932289 0.004039 -0.516354 0.777084 0.009532 0.613980 -0.571511 -0.029146 0.468180 -0.228241 0.004053 0.223489 -0.085550 0.495618 0.839239 0.266738 -0.602850 0.381028 -0.349136 0.287423 0.038030 0.240848 0.763178 -0.855015 0.002207 -0.099806 0.342203 0.156506 -0.023603 0.248728 0.782202 0.044108 -0.747232 -0.734151 -0.178808 0.262300 0.879829 0.249682 -0.766847 0.348009 -0.978559 0.237207 -0.428502 -0.064109 -0.267175 -0.589264 -0.797371 0.129974 0.791764 -0.146508 -0.582603 -0.170205 -0.905659 -0.819425 -0.025221 0.096547 0.080768 -0.683018 -0.746946 -0.942835 0.565710 -0.964744 0.101273 0.818478 -0.698895 0.922466 0.080777 -0.819066 0.172147 0.313931 0.528942 0.193588 -0.448863 -0.899560 -0.870521 0.283962 -0.488824 -0.667893 -0.586063 -0.697059 0.185600 -0.168666 0.132735 0.279940 0.011908 -0.892486 -0.623512 -0.907323 -0.575504 -0.370459 -0.850158 0.990206 -0.335203 0.251115 0.808684 -0.034098 0.173581 -0.110539 0.146836 -0.654272 -0.796608 -0.324222 0.539316 -0.245471 -0.223782 0.668794 -0.961509 0.287394 -0.999098 -0.547572 0.590335 0.186501 0.283762 -0.276930 -0.533558 -0.704330 -0.169416 -0.157071 -0.611654 0.255080 0.472471 -0.461812 0.245287 -0.862732 0.789303 0.053970 0.103170 -0.037116 0.943431 -0.749994 0.308612 -0.853177 -0.074216 -0.152072 -0.098648 0.702002 -0.483278 -0.060156 -0.010604 -0.482376 0.392272 -0.420269 0.704125 -0.323967 0.302801 -0.829433 -0.028297 -0.866614 0.013496 0.360049 0.388466 -0.514033 0.898238 -0.366247 -0.376765 0.687541 0.687723 0.726405 -0.349575 0.631154 0.976411 0.959037 0.777977 -0.097805 -0.193035 -0.320670 -0.395802 0.323687 0.619173 0.593594 0.841311 0.011445 -0.826675 0.545436 0.687478 0.476126 0.716003 -0.340819 0.609512 -0.270501 -0.980770 -0.002022 0.215465 0.917467 0.631731 0.838700 0.605008 0.319454 0.565104 -0.744567 -0.049392 0.541515 -0.785530 -0.271415 -0.556289 0.021435 0.407915 0.047908 -0.654878 0.027088 -0.358498 -0.813567 -0.961468 -0.185173 0.731869 0.726010 -0.709047 0.447872 -0.614809 0.900465 -0.822630 -0.595579 -0.101557 0.392835 -0.678112 -0.469827 0.231535 0.926897 0.849627 -0.203361 -0.817670 -0.199766 -0.661845 -0.603200 0.528820 -0.218135 0.418236 -0.063266 0.829774 0.763358 0.963822 -0.528724 0.949791 -0.997646 0.286103 0.681660 0.728364 0.577056 0.129532 -0.886445 0.477521 0.306902 -0.482024 -0.624037 -0.300263 -0.160136 -0.093863 0.931272 -0.233240 -0.244237 -0.272089 -0.050910 0.555998 0.066066 0.345891 0.084817 0.847932 -0.235874 -0.978449 0.677705 -0.472516 0.985373 -0.851019 -0.522724 0.987727 0.435083 -0.841064 0.716091 0.012139 0.288467 0.829646 -0.510340 -0.404631 -0.652378 -0.134377 0.295106 0.187485 0.771760 0.226378 0.954246 -0.472477 0.954290 -0.096664 -0.916479 0.020356 -0.750773 0.168338 -0.131713 0.013353 0.189890 -0.454008 0.540838 0.175263 -0.305027 -0.981887 0.162990 -0.869943 -0.822951 -0.120919 0.142196 0.465516 -0.291272 0.631856 -0.939114 0.056349 -0.502521 0.355992 -0.756165 -0.730761 -0.417630 -0.801919 -0.203238 -0.463340 0.101417 -0.119717 0.557016 0.350644 -0.951379 -0.574697 -0.636003 0.238511 -0.028705 0.904835 -0.586226 0.666269 0.922948 0.576764 0.796325 -0.900002 -0.544154 -0.061479 0.565514 0.164573 -0.429623 0.626400 -0.779078 0.067856 -0.017608 -0.535243 0.337094 0.564762 -0.337162 -0.866144 -0.898578 0.764254 0.014139 0.658438 0.114898 0.062760 -0.916259 0.478895 -0.698728 0.055036 0.383730 -0.284954 -0.278695 0.306679 -0.708190 -0.482370 0.406676 -0.252344 0.456151 -0.027810 0.912229 -0.973472 -0.401410 -0.866848 0.094384 0.580981 -0.402091 -0.568522 0.145743 0.260747 -0.434666 0.247165 0.025001 0.579473 -0.094398 -0.860101 -0.357767 -0.010657 0.618794 -0.056495 -0.955621 0.002524 0.658551 -0.234316 -0.690797 0.950361 0.283314 0.715879 -0.301983 -0.260535 -0.311931 -0.389754 -0.234007 0.286658 -0.256603 0.860376 -0.132360 0.341306 -0.708146 -0.986618 -0.397947 -0.142812 0.260547 0.627054 -0.563339 -0.833850 0.766953 0.078894 0.155492 0.385747 -0.977601 0.199871 -0.611729 0.680950 0.965555 -0.302526 0.631311 0.248868 -0.586647 -0.670672 0.988333 0.101422 -0.060427 -0.245674 -0.611920 0.682971 -0.385298 0.255720 0.024277 -0.093444 0.269103 0.626330 0.763745 -0.470350 0.253383 -0.799594 -0.304201 0.020336 0.279300 0.851292 -0.593917 0.301699 0.051163 -0.205645 -0.017350 0.016718 0.491829 -0.386040 -0.734414 0.905182 -0.056712 -0.746080 0.006604 0.882861 0.008246 0.394684 0.565832 0.622948 -0.349596 -0.409891 -0.470496 0.919507 -0.783561 -0.706751 -0.550843 0.469822 -0.506346 0.144956 -0.509841 0.772955 -0.003752 -0.103758 0.074654 -0.952589 0.690597 -0.942697 0.064129 0.182426 -0.328736 0.329716 0.087608 0.614552 0.583635 -0.905788 0.497413 -0.408119 0.488896 0.063246 -0.785171 -0.860700 0.653355 -0.255667 -0.941193 0.869794 0.037582 -0.492036 0.339616 0.531236 0.652920 0.829775 0.304191 -0.350832 -0.273983 -0.621155 -0.303421 -0.583386 -0.563852 0.760708 0.599040 0.107412 0.090423 -0.313353 -0.278036 -0.325941 -0.219141 -0.780623 0.265939 -0.730245 0.282623 0.480768 -0.590944 -0.064022 -0.774899 -0.532137 -0.194229 0.262683 -0.024173 -0.854613 -0.206081 -0.371253 0.975162 -0.901891 0.277915 -0.298821 -0.523046 0.974494 0.117793 -0.086898 0.735202 -0.283167 -0.979486 -0.174375 0.403480 -0.257522 0.499684 -0.815661 -0.038144 -0.234377 -0.545906 -0.755521 -0.753609 -0.136851 0.180456 -0.528508 0.331012 0.986228 0.734175 -0.693161 -0.868385 -0.471906 -0.064414 -0.893223 -0.373797 -0.786499 -0.192044 0.103157 -0.812005 0.925749 -0.983741 0.923196 -0.357418 -0.963227 -0.251179 -0.953938 -0.220749 -0.751495 -0.769600 0.741107 0.014128 -0.315506 0.985585 0.260520 0.547644 0.166042 0.732012 -0.121344 0.152269 0.466187 0.185495 0.283884 0.994281 -0.878919 0.390661 -0.379516 -0.665418 -0.801382 0.723640 -0.477424 -0.875633 0.739900 -0.554227 -0.233051 0.776673 0.194594 -0.186990 -0.444076 0.443099 0.043411 -0.702969 -0.542773 0.727905 -0.717384 0.717747 0.275549 0.448658 0.449759 -0.845796 -0.399073 -0.084054 0.339699 0.884811 -0.089773 0.460780 0.275472 0.530710 0.795362 0.474090 0.254351 -0.682061 0.598457 -0.005750 -0.236289 -0.634594 -0.229077 0.958305 0.178416 0.326847 0.401404 -0.778173 0.623878 0.858632 0.949732 0.906494 0.576379 0.225280 0.355152 0.026138 0.379485 0.956080 0.942084 -0.280816 0.840891 -0.147689 -0.820035 0.116363 -0.616979 0.975327 -0.409547 0.637371 -0.706734 -0.811090 -0.368379 0.056977 -0.445684 0.402544 0.015282 0.732732 -0.270609 -0.583313 0.954559 -0.646732 -0.724682 0.904290 -0.740237 0.851697 0.129571 0.614915 -0.122165 -0.490944 0.570995 -0.180081 0.228240 0.411886 0.672230 0.408205 -0.471751 -0.944749 0.383532 0.118702 0.692622 0.676798 0.307612 -0.675757 -0.266225 0.861928 0.726787 0.749057 0.594660 -0.543823 -0.834257 0.549219 -0.190554 -0.558938 0.453509 0.069209 -0.707241 -0.416920 -0.315876 0.170594 0.092136 -0.744882 0.990514 -0.679623 0.667004 0.662744 0.728582 -0.804747 0.717994 0.112114 0.313955 0.410616 -0.211089 -0.378433 0.734859 0.522686 -0.516504 0.461646 0.271742 -0.921844 0.917823 0.437486 0.627375 -0.272731 0.878547 0.080884 0.796478 -0.828694 0.663965 -0.519398 0.341901 -0.243899 -0.264280 0.332414 0.076478 -0.597276 -0.004842 -0.194941 -0.402023 -0.286848 0.917173 0.911932 -0.876232 -0.293916 -0.466501 0.858627 -0.771230 0.016995 0.320273 0.500512 0.095151 0.238096 -0.062002 -0.277474 0.965365 -0.183455 0.803410 0.761843 -0.012148 0.467375 -0.757555 -0.670248 -0.776524 -0.021835 0.662167 0.299953 0.380889 -0.342675 -0.894988 0.978865 0.370477 -0.977815 0.890797 0.494245 -0.271731 -0.575704 0.352873 -0.042961 0.441291 -0.326854 -0.542449 -0.463558 0.911242 0.395549 0.258967 0.876607 -0.787905 0.062378 0.638450 0.199947 -0.470248 0.880895 0.529699 -0.246772 -0.140940 0.191866 -0.946819 -0.760051 0.849190 -0.841807 -0.781186 0.219667 -0.819621 -0.890389 -0.286087 -0.091352 -0.466093 -0.933215 0.865687 0.975197 -0.260069 -0.676762 -0.488361 -0.348828 0.718787 0.770607 -0.472220 0.930882 -0.167016 -0.833770 0.130828 0.362736 -0.952875 -0.339473 -0.884036 -0.093815 0.852393 -0.830854 0.146134 0.701583 -0.672661 0.364948 -0.078749 -0.492282 0.474558 0.635163 0.416365 -0.991535 0.701949 0.282052 0.983662 -0.558121 0.605290 -0.504699 0.093052 0.324077 -0.734092 0.620831 0.254958 0.098892 0.787061 -0.614213 -0.538371 0.834187 0.046314 -0.422407 -0.259628 -0.101293 -0.253261 0.886505 -0.399710 0.074078 0.251453 0.521541 0.581795 -0.273989 0.156704 -0.001840 -0.265524 -0.141347 -0.719788 -0.281862 0.300532 0.885502 0.213439 -0.606416 0.209578 0.479347 -0.985585 -0.535463 -0.421761 0.801476 -0.149677 0.039868 0.635663 0.896637 0.617461 -0.623965 -0.204656 -0.635801 -0.737460 0.395634 0.438277 0.513993 -0.082826 0.020072 -0.759996 -0.926122 -0.981767 -0.025520 -0.067469 -0.701555 0.692618 -0.766937 -0.816053 -0.093942 -0.373353 0.393525 -0.614595 -0.358938 0.858062 -0.036355 -0.557462 -0.291615 -0.996487 -0.921799 -0.394978 0.620974 -0.545764 0.400365 0.985173 -0.283224 -0.204001 0.423450 -0.769231 0.713173 -0.556478 -0.529227 0.787052 -0.538245 0.445254 -0.280417 -0.239800 0.137872 -0.047354 -0.055854 -0.956070 0.579292 -0.662329 -0.570665 -0.779646 -0.804267 0.392979 -0.337108 -0.095882 0.396492 -0.258906 0.509139 0.017465 0.195330 -0.090495 0.002638 0.912106 0.705504 -0.573912 -0.857125 0.418677 -0.130389 -0.386352 0.205729 0.331366 -0.941098 0.925311 -0.908435 0.196774 -0.122043 0.035712 0.240703 -0.542751 0.373383 0.670038 -0.322397 0.569116 0.063018 0.340496 -0.526767 -0.540490 -0.918411 0.982373 0.476975 0.276919 -0.108122 -0.520387 0.189025 -0.402618 -0.094298 0.331900 -0.983941 0.775313 0.945548 0.221787 0.106678 -0.995550 0.147099 0.198244 0.201224 -0.974945 -0.766045 -0.558072 -0.517696 0.607338 -0.888034 0.159908 0.176454 0.174984 -0.499597 0.649687 0.634493 -0.418007 0.632060 0.111468 0.858912 -0.476062 0.591082 0.047937 0.121319 -0.503217 -0.620163 0.137378 -0.727904 -0.674615 -0.640835 0.378774 -0.670164 0.506264 -0.422982 0.531060 0.531319 -0.189026 0.972988 -0.986376 -0.581688 -0.915046 0.173531 0.594766 0.259937 0.673935 0.244453 -0.105570 -0.744072 -0.123486 -0.994102 -0.885161 0.400451 0.596980 0.162776 -0.478229 -0.906237 0.542613 0.659149 -0.634140 0.867998 -0.981686 0.744634 -0.802166 0.524578 -0.678348 0.728894 0.055898 0.132626 0.701881 0.069521 0.550938 0.786835 -0.756947 0.145703 0.046772 0.916988 -0.609843 0.941203 -0.827085 0.266670 0.947101 -0.712246 -0.332878 0.544081 0.450531 0.188892 0.637845 -0.006856 -0.151959 -0.996296 -0.138858 -0.133645 0.748338 0.058976 -0.609066 -0.930010 -0.212130 0.446831 0.202616 -0.510249 -0.483647 -0.246447 -0.723414 -0.240595 0.899257 0.323359 -0.323607 -0.710586 0.264561 -0.150692 0.556084 0.211662 0.137063 -0.776794 -0.244256 -0.412407 0.412098 -0.606412 0.580737 -0.739861 -0.602708 -0.558121 0.126495 -0.854370 0.500855 0.517429 -0.784379 -0.711275 -0.035740 0.418236 -0.221524 0.480612 -0.828210 0.055062 -0.759982 -0.928954 -0.621579 -0.083589 -0.639540 0.642982 0.765719 0.916544 -0.145355 -0.097218 -0.860251 0.610388 0.490376 0.551848 -0.996024 0.071113 0.811987 -0.598731 0.512992 -0.061518 -0.453101 0.013847 -0.544089 -0.237480 0.302571 0.420170 -0.819244 -0.918953 -0.099217 -0.647454 0.136109 0.140801 -0.576408 0.514530 -0.942788 -0.215948 0.157512 0.822931 -0.299404 -0.987843 -0.274287 -0.159654 0.622545 -0.783911 -0.607807 0.626521 0.287201 -0.795820 -0.972210 -0.199807 0.142662 -0.425310 0.814040 0.598573 0.337210 0.116611 0.018743 0.517966 0.197658 0.919526 0.870512 -0.666233 0.060326 -0.705895 0.848297 0.117538 0.078157 0.005809 -0.059531 0.778753 0.017966 0.666182 -0.380901 -0.359489 0.882270 0.011292 -0.732968 0.169472 0.215472 -0.705177 0.969665 -0.641866 -0.130488 0.783705 0.956707 -0.793278 -0.099684 -0.024550 0.724688 -0.902026 -0.105025 0.595201 -0.568259 0.955302 0.889305 -0.719962 0.072839 -0.032538 0.285848 -0.986692 -0.253784 -0.696186 0.679490 0.365314 -0.055675 0.561760 -0.623394 0.211357 -0.268768 0.592079 0.506180 -0.299103 0.950213 -0.624308 -0.515398 0.906920 -0.417586 0.384917 -0.117630 -0.692898 0.482891 0.777345 0.902303 0.914632 0.732647 0.791608 -0.805330 -0.194514 -0.240929 0.480518 -0.181206 0.505286 0.784331 -0.501716 -0.129400 -0.271344 -0.939955 0.247207 0.940013 -0.208723 -0.160715 0.446192 0.492174 -0.210502 0.821884 0.976775 -0.303582 -0.595702 0.361693 0.578787 -0.288599 -0.155417 0.356132 -0.386296 -0.240785 0.088779 -0.594688 -0.046115 0.894265 0.164382 -0.565597 -0.286941 -0.330332 -0.781266 0.211343 0.540269 -0.052610 0.271388 -0.212524 -0.112598 -0.937336 0.626761 -0.666405 0.554838 -0.583741 -0.844521 0.531614 0.112677 -0.440222 -0.106694 -0.308536 0.271178 0.737890 -0.952404 0.884882 -0.502895 0.136375 -0.709806 0.450990 0.030640 0.454576 0.885393 0.743699 -0.875755 -0.895874 -0.044958 0.664513 0.051516 -0.773570 -0.548011 0.938918 -0.710905 -0.921250 -0.727487 0.843933 -0.504991 -0.572007 0.375546 0.607685 -0.012230 -0.731147 -0.700851 -0.741052 -0.993258 -0.653255 -0.856170 -0.496153 0.483121 -0.565976 0.954837 -0.486239 0.888600 0.840230 -0.742540 -0.987155 0.944356 0.212503 0.677359 -0.004128 0.438933 -0.870652 -0.065210 0.728027 -0.791903 0.207304 0.571960 -0.296894 0.635296 -0.052493 -0.689209 -0.376934 0.216359 -0.390060 -0.117985 0.223102 -0.043315 0.025845 0.726949 -0.560194 0.459869 0.681787 -0.046433 0.348470 0.522016 0.211027 0.361315 0.466373 -0.576470 0.038673 -0.537755 0.862462 0.168021 0.397035 0.590490 0.376118 -0.395661 0.162450 -0.920776 -0.760365 -0.890043 -0.609985 -0.137298 0.326316 -0.000045 0.744716 -0.450582 0.956641 -0.229438 -0.723633 -0.603553 -0.769569 0.958154 0.350014 0.578901 0.480170 -0.438959 -0.059784 -0.053458 -0.015430 0.978889 0.408787 -0.152967 0.146910 -0.194178 -0.562478 -0.476972 0.410161 0.599972 -0.397748 0.649796 0.709929 -0.007733 -0.487502 0.036244 0.992223 -0.742786 0.585662 0.948863 0.027776 0.862029 -0.654690 0.258207 0.820183 0.695323 -0.162893 0.300353 -0.743636 0.777323 -0.753105 0.240934 0.756212 0.655682 -0.912033 -0.096878 -0.538496 -0.474511 0.426150 0.871665 -0.874539 -0.971597 0.521461 0.835389 0.020670 -0.966041 -0.128366 0.012892 -0.708827 -0.542704 -0.038244 0.318949 -0.680675 0.307065 -0.422845 -0.860492 0.002389 0.414263 0.439860 0.258753 0.191586 0.686756 -0.500313 -0.052202 0.342438 -0.412347 0.850920 0.803942 0.113142 0.277070 0.675608 0.238603 0.305473 0.197069 0.073992 -0.673857 0.231028 0.945626 0.339035 0.522201 -0.597078 -0.699209 -0.158850 -0.277753 0.607856 0.418305 -0.138245 -0.389755 -0.167432 -0.698385 0.868997 -0.975846 0.988371 -0.631316 -0.028048 0.330809 -0.043663 -0.177128 0.134751 -0.930521 -0.900058 -0.189642 0.308082 0.405415 -0.992573 -0.617925 0.731558 0.238456 -0.672299 0.070593 -0.239343 -0.269378 0.371383 0.601807 0.452869 -0.020761 0.020112 -0.685376 0.589484 0.852680 -0.383761 0.458481 0.876834 -0.395391 0.827165 -0.151214 0.935418 -0.216497 0.671658 0.070169 -0.147018 0.771600 0.880527 -0.838935 0.177015 0.887954 -0.456861 -0.091427 0.126410 -0.129160 0.979165 0.887067 0.601462 0.350548 0.488874 0.054331 -0.670212 -0.491014 0.368955 0.919272 -0.638334 0.985194 0.377753 -0.761500 -0.410197 0.204918 0.087286 -0.474779 0.988421 -0.241056 0.595389 -0.158597 -0.469456 0.475916 0.002467 0.707559 0.363871 0.545606 -0.383868 -0.509719 -0.583554 -0.404703 -0.622652 -0.982092 0.945846 0.866221 0.072240 -0.724367 -0.624793 -0.558805 -0.805095 -0.263126 -0.573612 0.572658 -0.024626 0.016191 -0.222424 -0.937340 0.541412 -0.234004 -0.178396 0.136801 0.607399 0.352149 -0.387283 -0.390134 0.059708 0.976588 -0.844527 0.675840 -0.533132 -0.428081 -0.728863 -0.155784 -0.410172 -0.783018 -0.289562 0.662067 -0.507384 0.085645 -0.896738 -0.312480 0.822519 -0.470350 -0.739822 -0.202108 0.545841 0.037754 -0.139448 0.087252 0.803750 0.682157 -0.775947 0.411150 0.034305 -0.163230 -0.978984 -0.905987 -0.186642 -0.823511 0.769853 0.280226 -0.251592 -0.959010 -0.875558 0.338236 -0.742028 -0.165120 0.000303 -0.249412 0.920525 0.103565 0.438108 0.743043 0.633215 0.698286 -0.459064 0.179055 -0.263960 0.401488 -0.733693 -0.460209 0.083645 -0.509640 0.950940 -0.882050 0.327130 0.971956 -0.788037 -0.859512 -0.851555 0.981816 0.420714 -0.103146 -0.977195 0.545156 -0.764911 -0.719223 -0.619964 0.235392 0.031365 -0.699439 -0.661043 -0.530527 -0.956396 0.972172 -0.832241 -0.415460 0.151227 -0.096200 0.986028 0.417534 0.443590 0.069672 0.907895 0.394530 0.187622 0.235025 0.366487 0.399585 0.375513 0.514932 0.381401 -0.203773 -0.588214 0.404207 -0.658617 -0.353125 0.684984 -0.278581 0.882268 -0.283651 0.021980 -0.778775 0.185822 0.065584 -0.806603 0.353582 0.650124 0.344624 -0.742619 0.636151 -0.237842 0.700971 -0.294176 -0.329948 0.095502 0.893446 0.905077 -0.538011 0.293031 0.280590 0.976921 -0.325568 -0.923183 -0.611294 -0.921361 -0.581800 0.035582 0.763623 0.139620 -0.082151 -0.520028 -0.838400 0.139074 0.665794 0.227184 0.332471 0.019376 -0.122692 -0.322906 0.276757 -0.486541 0.439252 -0.022272 0.219283 -0.890696 -0.926770 0.112729 -0.985619 -0.464782 -0.594240 0.294971 -0.487861 0.080192 0.371788 -0.099155 0.158831 0.789989 0.936427 -0.077546 -0.070391 -0.145724 0.402426 0.091209 0.993350 0.068220 -0.681607 0.325821 -0.912404 0.195701 -0.997084 0.364352 0.709160 0.442168 -0.657920 -0.071558 0.551472 -0.584690 -0.958829 0.565853 -0.049471 -0.553069 -0.139175 0.462668 0.527123 -0.767387 -0.636487 -0.314046 -0.977398 -0.700060 0.608408 -0.047789 0.154216 0.010834 -0.956581 0.147567 -0.920946 -0.638188 -0.526612 -0.833351 0.557512 -0.523697 0.531002 0.266672 0.918471 0.873082 -0.804885 0.469943 -0.711608 -0.763714 0.035796 0.238921 -0.316783 0.896621 -0.298411 -0.789660 -0.870766 0.065102 -0.103706 -0.848163 0.365042 -0.495298 0.104047 -0.480742 0.515536 0.147466 0.666825 0.594589 0.509278 -0.859787 0.761239 0.066790 -0.383484 0.292240 -0.666538 -0.465013 0.165323 -0.471423 -0.995070 0.453715 -0.235138 0.040727 -0.307364 0.448079 -0.062652 0.394225 0.658419 0.066582 -0.540674 -0.445288 0.218419 0.824368 0.059414 -0.677534 -0.656374 -0.425051 0.469932 -0.989549 -0.830461 -0.020790 -0.849336 0.930777 -0.954000 -0.232820 0.223018 -0.620538 0.302168 -0.611660 -0.091961 0.307098 0.842055 0.672901 -0.652175 -0.465308 0.120980 0.285172 0.928916 -0.220601 -0.648245 -0.611757 0.334111 0.570173 -0.787389 -0.606475 0.892639 -0.443763 -0.031526 0.362571 -0.433311 0.138013 -0.658219 -0.282647 0.068790 -0.612219 0.484533 -0.708192 -0.232757 -0.213299 -0.319851 0.675282 -0.906201 -0.477796 0.348183 -0.558376 0.056896 -0.530836 0.726796 -0.014188 0.248563 -0.921449 0.374055 -0.417326 0.648724 0.586666 -0.023801 0.541363 -0.857097 0.944673 -0.096065 -0.290408 0.082686 0.245715 0.426944 -0.848524 0.633496 -0.088522 -0.556716 -0.599261 0.698179 0.123433 -0.923979 0.791978 0.645637 0.424204 -0.766398 -0.297468 0.893368 0.960398 0.688344 0.141930 -0.961051 0.062399 0.724604 0.687673 -0.350935 -0.299197 0.229037 -0.208033 -0.354524 -0.867029 0.501559 0.728162 0.378687 -0.071496 0.879638 0.012183 0.839981 -0.677078 0.412922 0.538160 0.446354 0.488943 0.330139 0.091991 -0.086853 0.563741 0.794524 -0.193486 0.524139 0.482868 0.948445 0.563087 -0.454733 0.673049 0.250761 0.194332 -0.626148 -0.520203 0.986299 0.019327 -0.387231 0.487858 -0.252511 0.991455 -0.583638 -0.372873 0.003638 -0.743657 -0.049952 -0.583440 0.794503 -0.603597 0.905502 0.124642 0.488394 -0.181351 -0.311617 0.282918 0.625163 -0.787479 -0.234214 0.573608 0.775609 0.311053 0.246657 0.026369 -0.494616 0.620508 0.506166 -0.508317 -0.360164 -0.881065 0.979542 0.387325 -0.889610 -0.604097 -0.985548 0.114028 -0.347754 -0.035500 0.530588 -0.553250 0.360902 0.436090 0.571392 -0.150704 -0.745261 -0.740226 -0.867786 0.879902 -0.527705 -0.102000 0.453510 -0.752096 -0.790947 -0.299834 0.274273 -0.285563 -0.679325 -0.219561 0.206121 -0.039489 -0.100626 0.185662 -0.652164 0.009764 0.581566 -0.637713 -0.876207 -0.766188 0.326787 0.654380 -0.319439 -0.312310 0.090470 -0.748047 0.536986 0.345209 -0.488273 0.669200 0.225111 -0.015978 -0.432800 -0.321379 0.231926 -0.223747 0.378787 -0.493801 0.490690 0.699462 0.286638 -0.303189 -0.340027 -0.813988 0.882474 0.007809 0.195777 0.464039 0.370097 0.319569 0.697851 -0.303116 -0.026050 -0.621588 0.384573 -0.935580 -0.369635 -0.078441 0.409629 0.142091 -0.409241 -0.365260 -0.873887 0.157959 0.313361 0.358039 0.934212 -0.307851 0.864238 0.424902 -0.608389 0.150876 -0.878286 0.051584 0.336888 -0.995813 -0.940606 -0.467335 0.468226 0.429491 0.852234 0.166077 -0.873625 -0.173817 0.544489 0.510948 -0.109397 -0.825146 -0.567493 -0.699767 0.316945 0.023267 -0.065027 0.443059 -0.818774 -0.751666 -0.198902 -0.884562 -0.059517 -0.334665 0.540341 0.332094 0.816211 0.662054 -0.616322 0.153099 0.666242 -0.556928 0.685763 0.134468 0.872563 0.537997 -0.699455 0.998937 -0.635819 0.845034 0.509885 0.254784 -0.980112 0.942393 0.555017 0.336833 -0.034340 -0.510010 -0.220109 0.146886 -0.261676 0.580989 0.262324 0.678807 -0.753676 -0.197335 0.010900 -0.937465 -0.535281 0.394579 0.215634 -0.869039 0.837651 -0.098602 0.265428 0.710214 -0.560605 0.565973 0.709151 -0.196424 0.411007 0.219036 -0.941640 0.430894 0.161429 0.613377 -0.232273 -0.872911 -0.896634 0.547619 0.273974 -0.158310 0.128608 -0.463702 -0.479503 0.374932 0.338963 0.531397 0.437467 0.803682 -0.074024 -0.346898 0.934642 -0.236373 0.554499 0.200071 -0.526160 0.993894 -0.233956 -0.817008 -0.202530 -0.822949 0.402028 -0.144170 0.607945 -0.436543 -0.530793 -0.624327 -0.309454 -0.427427 0.923291 0.964521 0.414263 0.051899 -0.499181 0.934760 -0.573169 0.839782 0.466157 0.864298 0.643463 -0.607867 -0.482600 0.578106 0.155760 -0.928101 -0.221823 0.629600 -0.934207 0.544221 0.812592 -0.136736 0.721271 0.214620 0.719094 0.329217 0.778077 -0.811699 0.704889 -0.531377 -0.239126 0.628181 -0.566856 -0.824863 -0.319921 -0.066037 -0.890102 0.106910 -0.226256 0.576055 -0.028792 -0.582792 0.968188 0.488608 0.995314 0.123948 0.560507 -0.226510 -0.246452 0.626300 -0.682289 -0.433860 -0.510436 -0.961018 0.780760 -0.791342 0.368199 0.558837 -0.603042 0.073089 -0.972539 0.157832 -0.298731 -0.539395 0.332970 0.381348 0.394568 0.442867 -0.511742 -0.831688 0.018922 0.459467 -0.414480 -0.012890 -0.051926 -0.419167 -0.888942 -0.491419 0.354323 -0.135394 -0.865119 0.672034 0.430746 -0.375555 0.711016 0.211506 -0.166897 0.079215 -0.229657 0.230061 -0.847696 -0.202196 -0.612107 -0.146427 0.258409 0.720863 -0.765079 -0.347023 0.163730 -0.276820 -0.178711 -0.817348 -0.817354 0.406808 0.169762 0.130721 0.987641 0.280820 0.639302 0.341964 -0.854575 0.774183 0.013998 0.576171 -0.601372 -0.274985 -0.212323 0.231730 0.804230 0.558021 -0.538209 0.956533 -0.644175 -0.150316 -0.189894 0.614234 -0.429453 0.045028 -0.732789 0.734276 0.768207 0.088499 0.916928 0.950854 -0.504693 0.086690 0.081574 -0.517052 -0.632491 -0.279124 0.824913 -0.487065 -0.504941 -0.161089 -0.910894 -0.106313 0.563926 -0.123217 -0.874583 0.368155 -0.565196 -0.412792 0.324689 -0.209371 0.436892 -0.865205 -0.595138 -0.992561 0.179823 -0.327927 0.741715 -0.051970 0.760572 0.658643 -0.101116 -0.744121 -0.254667 0.980458 -0.261172 0.112842 -0.298666 -0.436259 0.625777 0.196393 0.402652 0.714883 -0.909920 -0.033422 -0.408334 -0.784503 -0.665267 0.026470 -0.197295 0.659422 0.817099 -0.760403 0.794217 -0.778039 -0.752965 -0.025960 -0.105966 0.988750 0.922070 -0.345394 0.647394 -0.179047 -0.089514 -0.607273 -0.198589 0.649313 0.505569 0.502746 -0.786946 0.131346 -0.300862 0.615706 -0.153771 -0.210782 -0.417717 0.437896 0.004715 -0.082983 -0.535634 0.807419 -0.423561 -0.718535 -0.952984 -0.629344 -0.496574 -0.705948 0.344695 0.397461 -0.717198 0.266765 -0.947933 0.930196 -0.912282 -0.037447 -0.677078 -0.110870 -0.388134 0.828491 -0.608125 -0.175080 -0.040162 0.091014 -0.559374 0.806067 0.880232 0.022909 0.243963 -0.115053 0.939926 0.708329 -0.307634 -0.483635 0.989794 -0.260618 -0.112980 -0.506779 0.033434 -0.768285 0.890682 0.316236 0.498480 0.942749 0.246432 0.586198 -0.094698 0.569354 -0.524672 0.517168 0.397846 -0.132797 -0.657912 -0.642316 0.958217 -0.217286 -0.836249 0.838449 0.805624 0.407714 -0.276605 0.745550 0.116043 0.415761 -0.738086 0.105837 -0.844856 0.148934 0.599058 0.188578 0.380650 0.489740 -0.495186 -0.120870 0.432488 0.751246 -0.534672 -0.662210 0.320600 -0.059344 0.854958 -0.281554 0.807859 -0.802953 0.076130 0.766076 -0.020239 0.239880 0.604525 -0.214615 -0.352406 -0.672080 -0.469065 0.763637 0.743682 -0.207151 -0.130526 0.898826 0.941783 -0.531468 0.087403 0.322433 0.958272 0.592218 -0.798438 0.390760 0.343464 -0.333110 0.728551 -0.335936 0.607546 0.583509 0.382510 0.415405 0.780556 -0.541360 0.181482 -0.239683 0.698521 -0.213993 0.545702 -0.653885 0.113927 -0.923364 -0.890248 -0.142391 -0.130515 -0.020774 -0.243565 -0.188732 0.447758 0.843838 -0.866299 0.406030 0.436056 -0.664737 -0.203210 -0.220481 0.002154 -0.474659 0.443583 -0.390300 -0.891150 -0.173907 -0.974895 0.889405 0.284734 0.206587 -0.350278 -0.016746 0.992594 -0.804576 0.329369 0.106521 -0.727939 0.439120 0.964130 0.141546 -0.581654 -0.279436 0.952815 0.866104 -0.435597 -0.913484 0.272134 -0.999542 -0.578221 -0.931076 -0.220023 0.423932 -0.405735 -0.776439 -0.966368 -0.296885 0.049654 -0.941263 -0.407480 -0.665612 0.265324 0.242243 0.317642 0.257918 0.437667 -0.352990 -0.635561 0.709728 -0.913869 -0.671432 -0.148726 -0.495523 0.049133 -0.195912 -0.629419 0.613535 -0.109396 0.642716 0.613993 0.312383 0.711640 -0.606029 -0.263685 -0.694095 -0.382469 -0.230053 0.009020 0.667185 -0.171315 0.601540 -0.998427 -0.905991 -0.156218 0.319215 0.351927 -0.718551 0.966225 0.716365 0.991177 -0.947644 -0.955066 -0.157549 -0.443167 0.094066 0.646540 -0.072586 -0.292398 -0.462856 -0.429870 -0.678405 0.849527 -0.718230 -0.284434 -0.414158 -0.412325 0.333097 0.355789 0.596695 0.000283 -0.815526 0.198235 0.001855 -0.721517 -0.957983 -0.678930 0.630410 -0.676533 -0.712705 0.346775 -0.685356 -0.660349 0.391709 0.157095 -0.103516 -0.514224 -0.196366 0.823898 0.193377 0.340778 -0.605972 0.514972 0.190305 -0.324202 -0.769462 0.776147 0.263473 0.563636 0.131936 -0.139832 -0.436082 0.316410 -0.941597 0.565774 0.594893 -0.899580 0.886844 0.225303 -0.576114 -0.825861 -0.427921 -0.261470 -0.486210 0.963788 0.895625 0.410273 -0.550437 -0.300741 0.234171 0.642941 -0.959962 0.628199 0.157913 0.230342 -0.696003 0.388451 0.006489 0.567471 -0.047913 -0.861575 -0.572361 0.516005 0.454835 -0.513959 0.081779 0.049729 -0.413539 -0.031378 -0.724968 0.010348 0.142761 -0.152889 0.748878 0.656551 -0.189102 0.644503 0.066824 0.260462 -0.656238 -0.699004 -0.096598 -0.616200 0.929195 -0.938685 0.614142 -0.766808 0.449767 -0.379369 0.800663 -0.598146 -0.240944 -0.771699 0.917859 -0.786109 -0.285657 -0.000362 0.263620 0.300804 0.968260 0.538652 -0.688849 0.111021 -0.614238 -0.939971 -0.232428 0.196661 0.704532 0.834396 -0.542878 -0.951706 -0.864609 0.360525 -0.567906 -0.935414 0.421840 -0.953764 -0.702222 -0.128393 -0.333133 -0.901559 0.273461 0.425923 -0.673257 0.191320 0.639815 0.041085 -0.809042 -0.096566 -0.658111 -0.840782 -0.557914 -0.346959 0.270239 -0.172152 -0.286930 -0.962190 -0.975491 -0.582398 0.872206 -0.518369 -0.534104 -0.992403 0.842156 -0.102010 -0.927817 0.263997 -0.055774 -0.630038 -0.864396 0.611094 -0.531597 0.409065 0.037017 -0.204854 -0.399615 -0.323168 0.836231 -0.208657 0.580266 -0.821880 -0.049440 -0.977648 -0.168839 -0.779201 -0.149800 0.544231 -0.741391 -0.125291 0.961833 -0.869185 0.356340 -0.572271 -0.861588 0.198497 0.325719 -0.789404 -0.537507 -0.730055 -0.419442 -0.401903 0.881039 0.048961 -0.992838 -0.081944 0.844107 -0.392453 0.594888 0.680338 0.398890 0.175154 0.858458 -0.650550 0.197506 -0.310380 -0.429751 -0.952294 -0.766150 -0.171142 -0.077585 -0.804317 -0.040327 -0.721244 -0.376588 0.098085 0.477252 0.949131 0.308681 0.939746 -0.780924 0.889239 -0.462157 -0.899885 -0.061800 -0.454995 0.018172 -0.217694 0.152552 -0.386940 -0.537356 -0.448558 0.788214 -0.678897 -0.099107 -0.014280 0.010722 0.471142 0.033426 0.244573 -0.700000 0.955841 0.440256 0.259673 -0.765403 -0.936333 -0.642241 0.711849 -0.987202 0.666440 0.651595 -0.768125 0.555679 -0.810563 -0.668010 -0.506122 -0.265558 0.350162 0.276185 0.886994 0.963222 0.738829 -0.561563 0.751436 -0.940069 0.339329 -0.262845 0.070654 -0.189529 0.770581 -0.684774 0.110471 0.726423 0.755482 -0.629855 0.961019 0.819149 -0.272096 0.672868 0.831947 -0.605656 0.324463 -0.936178 0.950022 0.513900 -0.604188 -0.556099 -0.751658 0.745974 0.720085 -0.864664 0.709196 0.458914 -0.426227 0.460631 0.518845 0.913102 -0.802213 -0.410501 -0.276427 0.968368 -0.095275 0.834045 0.694790 -0.339793 -0.795811 0.655810 -0.520644 -0.067907 0.328678 -0.688697 0.326437 -0.346859 -0.624875 0.276459 -0.832959 -0.229062 0.720360 -0.584617 -0.483088 0.440445 -0.449281 -0.773893 -0.100641 0.124492 0.686738 -0.581795 0.037594 0.884525 0.007704 0.761168 0.852893 0.912429 0.595213 0.547684 -0.427364 0.799402 0.203493 0.051992 -0.268505 -0.467829 0.363295 -0.942068 0.185312 0.738420 0.334391 0.352353 -0.490642 0.054751 0.767736 0.026269 -0.504804 -0.681545 0.252377 0.394556 0.442947 -0.060885 0.812761 -0.519459 -0.176360 -0.179535 -0.758291 -0.323467 -0.267106 0.836922 -0.775783 0.305530 0.636324 0.427710 -0.642479 -0.632181 0.959882 0.720816 -0.574249 0.145194 0.459237 0.760142 -0.502453 0.968594 -0.185107 -0.734717 -0.005136 0.310089 -0.416262 -0.752759 -0.295355 -0.973315 0.186356 -0.482595 -0.492774 -0.990004 0.337870 -0.251065 -0.313470 -0.929236 -0.414143 -0.089253 0.376293 -0.777819 -0.661543 0.733815 -0.410000 -0.701661 0.454631 0.015751 0.443533 -0.086133 -0.224108 0.941080 -0.117538 0.590785 -0.793637 0.877326 -0.099126 -0.209900 -0.875434 0.605518 -0.183215 0.310922 -0.877076 0.324011 0.320918 0.460794 -0.927053 -0.992552 0.531558 -0.341196 -0.081805 -0.092149 -0.119015 0.256652 -0.358334 0.470985 0.554991 -0.903703 -0.513265 -0.001476 0.010164 0.262628 -0.060396 0.892626 -0.146588 0.145967 0.769951 0.754286 0.936067 0.894518 0.359805 -0.247148 0.205440 0.482729 -0.923136 -0.473642 -0.056478 -0.850190 -0.466194 -0.524920 -0.191386 0.452000 0.382931 0.689599 -0.291348 -0.975403 0.160584 -0.736357 -0.879107 0.647319 0.262166 0.131057 -0.090053 -0.798230 0.023683 0.763359 0.347737 -0.206365 0.517645 0.283804 -0.311848 -0.122550 -0.963344 0.893592 -0.639821 -0.886480 -0.580050 0.303701 -0.736670 -0.046244 0.778781 0.071944 -0.594244 0.161712 -0.238457 0.114408 0.186309 0.922127 0.378051 0.307202 0.569446 -0.359782 -0.561740 -0.520607 -0.158012 0.461943 -0.757248 -0.810276 -0.744423 0.760398 0.473528 -0.056271 -0.362152 0.510184 -0.162679 -0.001973 0.623703 0.257271 -0.698272 0.887033 -0.788973 -0.919491 -0.041022 -0.383216 0.242221 0.720521 0.731192 -0.571470 0.642648 0.109243 0.735732 0.212094 0.749461 -0.826009 0.691487 -0.408551 0.635934 0.934239 -0.218827 0.891511 0.694637 -0.745299 -0.164759 -0.667515 0.764885 0.672562 0.330511 0.388588 -0.070166 0.632239 0.275621 0.140861 0.712747 -0.765401 0.757645 -0.045032 0.955120 0.488837 0.383498 0.597768 -0.401920 0.119229 -0.190138 -0.652459 0.293221 -0.498651 -0.061010 -0.070845 -0.564412 0.720163 -0.179334 -0.869775 0.974864 0.655907 -0.537290 0.739749 0.328469 0.793221 0.128337 -0.741698 0.425460 -0.596042 0.399163 0.138208 -0.361443 0.156808 -0.906824 -0.406323 -0.354355 0.476673 -0.808555 0.243726 -0.404097 0.001307 0.591267 0.889123 0.502656 -0.469743 -0.181722 0.938244 -0.749580 0.638944 -0.931531 -0.774716 0.294850 -0.468821 0.965033 -0.376681 -0.675600 0.093370 -0.118379 0.749861 0.497328 -0.719215 -0.111932 -0.864115 0.437593 -0.018756 -0.270438 -0.916762 -0.542083 -0.078993 0.326964 0.053820 0.922314 -0.081769 -0.057057 0.424969 0.448488 0.761221 0.363213 0.698909 0.400165 0.431682 0.924193 -0.304985 0.962861 0.889226 0.318334 -0.712738 -0.017405 -0.800045 -0.962878 -0.520077 -0.519260 -0.074810 -0.384192 0.918333 0.906434 0.345371 -0.998429 -0.635649 -0.733623 0.328535 0.418171 -0.811309 -0.753233 -0.638886 0.613660 0.695255 -0.877666 -0.023127 0.394164 0.522499 -0.591445 0.318357 -0.782486 -0.628583 0.207583 0.535848 -0.341322 -0.809822 0.735804 -0.304200 -0.329899 -0.783456 0.620991 0.285910 -0.865123 0.527425 -0.368720 -0.863551 0.891776 -0.102343 0.464984 0.309946 0.086348 0.711751 0.671060 -0.299991 0.407006 0.793394 0.676882 -0.198830 0.315893 -0.914563 -0.880473 0.533408 -0.543146 0.327109 0.069256 0.115532 0.517287 -0.194940 0.811332 -0.812612 0.021604 0.432323 0.473298 0.156481 -0.040253 -0.895422 0.292930 -0.148477 0.002235 -0.242086 -0.838531 -0.911416 -0.530335 0.832529 -0.211408 0.876670 0.625923 -0.534526 -0.322160 -0.058183 -0.449089 -0.202633 -0.524776 0.007764 -0.875524 0.544480 -0.876704 0.641763 -0.650460 0.934628 0.829151 0.371144 0.366951 0.302449 -0.472375 -0.673302 0.407026 0.820554 0.178221 -0.590738 -0.421532 0.339690 -0.502155 0.048132 0.172219 0.286437 -0.075197 -0.201858 0.751911 0.602643 0.739958 -0.697178 -0.599990 -0.784818 0.310586 -0.475514 0.759663 0.433882 -0.833751 -0.890798 0.368510 0.995400 0.480346 -0.264539 0.297849 -0.992029 0.062158 -0.295125 0.828525 -0.759621 0.114137 -0.593007 0.580069 0.611982 0.455125 -0.247712 -0.101580 -0.620072 0.550429 -0.349669 0.982571 0.290388 -0.046847 -0.617419 0.505570 -0.736261 -0.092932 0.265233 0.697621 0.073317 0.374435 0.066131 0.068717 -0.145219 0.801591 -0.633434 -0.137248 -0.136250 0.071441 -0.308723 0.104129 -0.814422 0.098269 -0.315802 0.797561 -0.446605 0.436485 -0.304019 -0.066677 -0.013085 0.346312 -0.084106 -0.722698 -0.700535 0.298476 0.782872 -0.436797 -0.794457 0.048105 -0.739176 0.278860 -0.577460 0.326955 -0.652423 0.277322 0.128546 -0.285857 -0.859926 0.992296 0.785584 -0.168650 0.096425 0.971162 0.929620 0.780623 0.768723 -0.516986 0.217108 -0.535296 0.416337 -0.795977 0.811015 -0.667769 -0.518674 -0.889520 0.630707 -0.735802 -0.326317 0.836250 0.312303 -0.065493 0.115110 0.734844 -0.738538 0.462687 0.012165 0.390008 -0.823171 0.152239 0.382304 0.962413 0.983589 -0.521271 0.933575 0.913209 -0.740648 0.702298 -0.603777 0.476461 -0.832998 0.812560 0.680484 0.978018 -0.855209 -0.838191 -0.911502 0.775498 -0.573993 -0.237819 0.611748 0.738310 0.696688 -0.273142 0.473154 0.958150 -0.810456 -0.514681 0.348159 -0.633627 0.637558 -0.269537 -0.671214 0.621147 0.209193 -0.737638 0.534355 0.468545 0.964660 0.930578 -0.054995 -0.868338 0.743138 -0.374511 -0.890320 0.887929 -0.212701 -0.801823 0.663427 0.213306 -0.039642 0.275175 -0.048384 -0.342954 -0.997968 -0.575230 -0.384804 -0.808423 -0.089911 0.963355 -0.442050 -0.452353 -0.306182 -0.113263 -0.831206 0.903011 0.149098 0.703150 0.371556 0.113758 0.633728 -0.683439 0.245420 0.376866 -0.057950 0.355100 0.264795 0.729349 0.553277 -0.071778 -0.057345 -0.486365 -0.796604 0.894271 0.170681 -0.794571 -0.680959 0.785877 -0.602995 0.229131 0.749232 -0.045044 0.776778 -0.556949 0.841692 0.945572 -0.653939 -0.009209 0.648722 0.717617 -0.895451 0.282450 -0.965822 0.349969 -0.340684 -0.023771 -0.294931 0.924111 -0.294423 -0.741654 -0.147667 0.648232 -0.228020 0.055729 0.542503 0.942661 0.261158 0.861544 0.728538 0.658163 0.090675 0.477770 -0.386882 -0.132547 0.920820 -0.545189 -0.186974 -0.733118 0.445601 -0.538252 0.984499 0.550150 0.744198 -0.981323 -0.099881 -0.596486 -0.005095 0.605188 -0.672375 0.700483 0.863533 0.179958 0.348715 -0.364486 -0.764313 -0.108782 -0.421826 0.496844 -0.247237 -0.693288 0.155007 0.843438 0.784481 0.768125 -0.289109 0.705302 -0.777064 0.523917 0.972183 0.668537 0.985665 0.956682 0.218688 0.729864 0.975359 -0.881193 -0.866622 -0.029736 0.723995 -0.538997 -0.329253 0.587528 0.640961 -0.980538 -0.776958 0.876647 -0.089319 -0.198784 0.373491 0.663443 0.107927 -0.471502 0.506881 -0.107591 -0.703376 -0.782227 -0.402289 -0.480440 0.741690 -0.430106 -0.811903 0.727355 -0.473424 0.406785 0.457219 -0.498065 0.525591 0.590597 0.472199 0.249586 -0.948400 -0.857053 -0.162886 0.692560 -0.837591 0.060156 0.569207 0.073090 0.861372 -0.057301 -0.263467 -0.030701 0.471197 -0.756585 0.861708 0.767821 -0.538812 -0.540582 -0.712620 -0.797122 0.029312 -0.524522 0.930233 0.555888 0.882262 0.387452 -0.942177 0.407854 -0.021951 0.530022 -0.342560 0.029648 0.672969 0.494554 -0.277792 0.835378 -0.445290 -0.708585 -0.091532 -0.583919 0.234114 0.645002 0.385380 -0.294689 0.888416 0.247088 -0.526869 -0.650396 0.706507 -0.239488 -0.447519 -0.264181 0.235989 -0.517286 -0.708293 0.118252 0.870166 -0.650470 -0.473895 -0.151785 0.879552 0.183545 0.877863 0.552521 -0.321901 -0.399929 0.387900 0.232809 -0.108513 -0.703632 0.648890 -0.874400 0.941369 0.034270 -0.169089 0.829785 -0.718641 0.304042 -0.820611 0.987865 -0.935446 -0.268129 -0.276316 0.300543 0.214585 0.015391 -0.581206 0.084751 0.364921 -0.055100 0.932966 0.244473 -0.871555 0.810829 -0.203006 -0.193456 -0.589100 -0.815106 -0.960647 0.302387 -0.518739 0.688243 0.427987 -0.577369 -0.277487 -0.741102 -0.747584 0.003872 0.562940 -0.568195 -0.008263 0.627494 0.163676 0.715421 -0.071963 -0.621739 -0.269188 0.346832 0.463012 -0.904267 -0.708269 0.395978 0.340206 -0.579824 0.206807 -0.862800 0.226720 0.617707 -0.677906 0.266073 -0.079906 -0.196645 -0.045684 -0.651919 0.225985 0.676830 -0.393020 0.478401 -0.319298 -0.830080 0.910207 0.672439 0.797414 0.073882 0.387860 -0.274549 0.452143 -0.881328 -0.927717 -0.084845 -0.785595 -0.635986 -0.688867 0.554610 -0.215809 0.517940 0.691810 -0.989089 0.135648 -0.986096 0.276984 -0.944258 -0.182741 -0.768699 -0.596177 -0.956756 0.908131 0.010803 0.521646 -0.411167 0.180723 0.431852 -0.738728 -0.021863 -0.494265 0.649132 0.703589 0.957878 0.767804 0.775872 -0.126967 0.982209 -0.860114 0.184166 0.536820 -0.075923 -0.297893 0.228630 -0.065012 0.837754 0.242534 -0.788028 0.893496 -0.940208 -0.556727 -0.702681 -0.896964 -0.648596 0.308122 0.624682 -0.059764 -0.511155 0.056535 0.201508 0.466982 0.562269 -0.149360 0.170571 0.520147 -0.381556 -0.053558 -0.606820 -0.399347 0.086328 0.577347 -0.862527 -0.989595 -0.720547 0.366102 -0.054607 -0.882793 -0.391364 0.157365 -0.989296 -0.331572 0.600638 -0.691977 -0.228535 0.952042 0.616145 -0.603853 -0.107722 -0.895010 0.452681 -0.906214 0.571972 0.014951 -0.055575 -0.257458 -0.464902 0.562869 0.688985 -0.071721 -0.836477 -0.224687 -0.494375 -0.699005 -0.214282 -0.214922 0.667098 0.731111 -0.097714 -0.724266 -0.111524 -0.087011 -0.055838 -0.510886 0.221012 0.715627 -0.558845 -0.162843 -0.888226 0.333433 -0.057853 0.564455 0.427218 -0.485882 -0.420594 -0.628356 0.256661 0.114504 0.934513 -0.054355 -0.957218 -0.901964 0.720958 -0.451592 -0.600969 -0.493324 0.333486 -0.933871 -0.762213 -0.764228 -0.658137 0.126262 0.148761 0.286025 0.615376 -0.630227 0.001652 -0.943469 0.206930 0.113426 0.389964 -0.850923 -0.322119 -0.182818 -0.336805 0.257287 0.188826 0.919856 -0.628210 0.123339 -0.134498 -0.585427 0.221375 -0.413540 -0.037019 0.620406 0.093136 -0.703533 0.686535 0.330923 -0.467762 -0.971602 -0.542815 0.681000 0.314423 -0.927440 -0.949227 -0.683925 -0.870909 0.257703 

